Ι Voces 0 vocali 1001010010. 00. 07

0010011100, 000. 0000010, pie. 10000 hig 0000000 0010011100, Gen.
4³, 77.
000110, -00, m. opum, honoris 10001100. 000. 11000. 704,0.
-νο011001,00110000100001000,100110, 01000. Sam. 000.

--—- 001010, 00]. 1010000100, 1000100, 10000110 (0, 10. 14, 71.) 1100. 4,
17. 100100. 0, 0.

0010001100,0001010000101100100.17,70.·
(laedamus,- 0, f 1010000100, 1000110010, 1010011100, 1100101. 0, 17.
0010001,-0, 1101001100100.
00110, adj. honestus, 1110. 0, 7. 0000. 7, 7.
001100, 0001000010, 110011. 10, 7.
Nonas, ·es, m. 10000, 000. 11000. 400, 0.
farveorffe (0000, 0000), adj. venerabilis (18 17.) 1110. 4, 10. 0,
1 0010. 000 ΜΖ
10000000 (- 00010,- 00000), 000. venerabiliter, 100.
’0900000001οη (0000100, 0000100) (-010,-01), 00000000, soh. 0, 70.
Psalm. 40, 70. 110010, 10.
1000οο010, 001. venerabilis, laye.
0000000110, 001. venerabilis, Lye.
0000000100, 000. venerabiliter, 1110. 7, 70. Gen. 40, 4.
- 00000000000, -0, s. venerabilitas, 110010. 0. 0000. 00, 18.

.40000000000,-0,1.000000110, 1100100. 70, 7.

0011000000, m. minister 1000000100. 0000000 000ος00, 00001100
00010100 0000000100, 11104, 01.

.. mian (- 010,- -01 et· -ede, -01), 10000000, venerari. cnm 0001100111.
07, 7. Ρο0101. 40, 74. parcere, curare. 0000 001. 110 10001010 00010,
1110. 0,.11 000100 heora 1110, s 0 0, 70. cum acc he 0000 01 go
100, 11001041, 7. cf. Joth. 110100, aestimare.

gedrjan (010, -011 1. q. drjan, 110000.
1001 (00001), -00, 00110000100100001, 00000. 000. 007.
0001001010, -00, m. 01001100, Ρο01.70. cf. 100000 0001001110 000
11000.
“ 0000100100, ·es, m. 1001001100,Ρο01.70.
00000(101ος), -e, f. honoratio, 00010010, som. 0000. 0, 10.
00, ·e,f. remus (00000 00000001) (07, 11.). sume 101100 0101100010,
01000000. 007. 000. 00. 0010000001. 0001. 000.
000101, -00, 0. palmula 00001, 11110. 01. 0000. p. 77.

*0000101001 (etiam 0000001001) , -00, 0. remorum 0110110, 1 e. mare,
01000. sat. 000. 110011. 110001. p. 100. 000 tamen 000000 00 00,
aes derivari 0010010000100100000 aquarum colorem. 0000001001
quae 000 011000 1001100, 00 000 = eber, 00100, 0010000 0100100,
q. 0.

00100, -00, 0. columhare, 01000 Α. 00.
0001000, -0, 1101000000, 01110. Jl. som. 77.
, 00, -00, m. (0001100100, 000101) 0001100 (111, 700. 104, 70.) 000000. 140,
10. 140, 11. 001100100ος 000. 001, 000. 001.

,- 0000010 (0000010), -00, 0. (et 000001, -0, 11) 00011000 (17, 70.) 100001.
101, 7. 710, 70. 10 000100 110 000010, 00010. 00, 10. 1110100100
000010, 00000. Sam. 1000. eas. 0000115 10000. 0000111 000. 01-
00011 (000 0001 100011, 000011 (ε 0000011) 000100001οτ 000 01-

000111410000100 0011111110 pertinere 0100010000·
ff 2‘ ⁵¹- ··-·1

 

