221 Vm 1 0111111 11αῇ11111. 1111111111 11111.

vider-dl, -11,11. disceptatio, 1111111111, 1111111111]111’19111, 1111111111,
01111. 8111012.
mamb-es, 1111111 constituens, 01111.91“1,18. 1111111111111111 11.
11111 111 unm.
1111111111, -11,11. 1111111111, 011111. 297, 7. ef. 1111 111 uim.
11111111, -11,11. coenae 1111111, 1011. 9.
1111111(-11,-11), 1111111,11111. verdun 111111, 0111111. 170, 10. 11111.
1111111111 bor. 11111.
genam, 111111111111, 191111. 1. 1

merjan, memng, 111111Μὶ9119.

1111111111), 11]. 1) consummassem. 1)1ο1111111,111111111, [el-
111. 111111 11111 11111111111111 scalmo 111111, 1111 1111]1, clipeos
1111111111 1111111111 1111111 piratae, 11111111 copie, 011111. 199, 9. 11
pe nane 11 mage, 1.. Auem. 11, 11 aete 11111, 11111 eme ga·
111111, 1111111111.

11ι1ὲ14(141111111), 11]. 1111 nefandus, 11111, 11111111, 1. Idem W.
Ρ· 1
111110,-11,11.ρ11]111111, L. 1111. 1. 1111111. 011. p. 77.
ι1111111, -1111, 11 menevensem, 011111. 219, 97.
·· 1191111110, -1, s. 111111, 0111. 1, 8. 01111. 99, 10.
1111191111, -11, 11. 1111111111111, 0111. 111111. 100, 0.
, , 11111111, -11, 11.]111111111111, 111111.
1111111101, -1, f. 1111111 1111111111, 01111. 89, 11. ,

. 1111111111,-11,11. 1111111 11111111, 0111. 9, 0.

.,, 1111111111,11].111]1111,111111111, 1111111111, 01111,10.011.1,99.

Ψῇὶ1111111,11 1111111111,1111.18,11.19.
11111111,11.111111,1111 resp 11.
1111111111,111.11111111, 911111. 1.
11111111]11,-1,].11111111, 11111. Τ1111. p. 9111.
1111111111-111111μ11, 11. 11111 1111111111, 1911117.
1111111111, es, 1. sceleris 11111111, 01011.912,7.

1111111111 ·11,11. 111111 nefastus, 011111. 77, 9.
11111111111111111111111111,0111109,7.01,11.
1111111111-11,11.111]1111,11 01111111. 0. L 191111. 9.

1111111111, 1111111111, Cot. 109.

1111111311 (11111101, -110111, -1111111 vel.- 1111111111, 11111191),

perjurare, Len. 0,1.
11111νί11,11111111111111111, 0111111. Ρ11. 1.

11111111, -11,1. 1111111111, L. 0111. pol. 99.
11111110111, -1, s. honoratio salsa, 1111111111, L. 191111. 10.
1111111111, adj. criminosus, horrendus, 011111.

r —- 11111,-11, 1. nesae, 111111. pe 11111111 1111111911, 111. 7, 17. mid
111111 gefylled, 11111919. sor aeghvfiffemm 111111 mana, 1111. 9, 0.
9911 1111 111110, 1111111 ]11111111 110111]11111(919, 01.)

111111, adj. 1111111111, nefandus, 0111111. 1, 11. 111οά111111. 11911111.

gemme, 11]. communes, 811. 1, 1. 11111. 8, 99. 27, 19. tecue.
gemeini.

’ 1111111111,11]. 1111111111, 111111. 9.

1111111111, 1111. communiter, 11111, 111111.

χ gemellae, 111. communiter, 11111111, soe. 11, 11. 17.

1111111111,-11,11.1111111111, 19111. 011 p. 19.

 

