ι 1111 inc. 1111-1111 1111-1111.(11111.1111.)1111.11111. 181

ι agen 11111 laam 1111 111111 111 1111111, 11111111. 11 lnam 111-

111111111111111111111111111 1111111 and 1111111 , 1111. 1, 17. 111-

1111111111, tumuit, 111111. 11111. 1111111, 11111111111, 1111111111,

llere, coqere. 11111 8111111111 (11111, 1111111,1111111),1111111111

1111111111, 11111111 11111111111 11111 me 111111, 11. 17, 11.

mes (1111111), vide 11111 1118111111.

³0 (= 11111), 1111 10111111.

111, -1, l. 111111111111111111 111 uetitum 1111111111, 11111. 1, 1. 11

1111111111, 111111. 11111.11111111,11. 1111111114. 11111.

1111. 1111111111 111111.

»pan (= 1111111111111011111.

*pan (= 1111111),1111 111111 sub 80111111.

wan, 1111111111.

,1, 1111111111, 1111111111, 111111,111111111,1111801111111.

’.11,1111111, 1111111, 1111111111 summ.

11111, viclo Scotm.

1111 (semna, 1111111, 81111111, 81111111, 8111111111111. Boou.
0111. 1, 1.), 111111101111. 1111111111. 1, 11.

11111111, -1, plur. 11111. scythi, 111111. 18, 2

811 (z 11111111, 11111).

1111, -11, 1111111, Job. 11, 1. c. 11111. 11111111.

Ι111 (-11, -11), prominere? 11111111. e. scoegm, [111111111111111111

1. cs. 8111111.

11111111 (-11, -111, 1111111111. sm. 111, 11.

nan, 1111 seim.

1 (1111, Luc. 11, 1. 11111, 1111.11,1.1111111111, 111. 1, 11.), -11,

,11111 111111 11111 111111, oves 1111 pastorem 111 habeut, 111111

,11. 11111111 gemang 111111, 11111 oves 11111 lupos, 11111. 11,11.

11111111.

1111111111, -11, 111111 111111 balatus, 111111.

111111 (81111111-1, Ι. 111111 111111, nomn 1111111 11 auro 111111-
11, 11111. 8111811111.

1111111111 (1111111111, 11111111), -1,1’. 111111 mm, 1111. 1, 1. 11,
11. 11111. 11, 11.

11111111111 (111111111111, 111111111111), -11, 111111111111111, 111-
pana, 111. qt„ som. 11. 11111.

1111111111, -11, 11. 111111111111, 11111. 11. Son. 78.

1111111111, ·11,1. 111111 anx, 1²⁸. 111, 11.

1111111111, -1,[. 111111 tomum, 1111. 11, 11.

11111,1111“. 111111.

111111111111, -11, m. 11111, R. 1.

.·,111 111111.

1 (11111, 1111),-1,[.111111.·11111 111111 11 11111111, Mati. 11,

t. brugdon 1111111111 1111111111 111111, distrinxerunt 11111111 11-

atatam 11111111 1111111111111, 1111111111. 111111 1111111 111·

m, 11. 11, u. moa. soem„ 111. nemu, s. 111. 1111111111

’. 111111.

11 (111111, 111111, 1111111),111111. 111111, 111. 11, 11. c· R· ΦΓ

w. 11111, s. 111111 telae, 1111111111.

 

