000 amoma.. miscuascormoiaonqmo

0001110000, -00, at. 0010000 nmo, 110000.

0011000, -00, ot. 9100100100, 90. 9990010019.
00100, 0190 scum.
wip, 0190 scam.

9801111911(κο91,000100,8οῖῗ9ί.0),9ἔξ901·ιο1ῃ)09 scum 01 81199911)
900. 00901, io 001010009000.

90000101, 0010100900οι (000 9000091911) 0000000000, Son.
geuoeddneu, -e, f. 00010010, Bau. 0910000000 gasconiam
9911111991, socom (00091, 000100, 000100),1009000, 0100100000 1919

00001000 000100 (190 900000 10 900191οι0, caim 990, 11. acino 00 μ
1010 091000000011, 0000100901, 91. oni 9100 00110 00091 00910120
Caino. 11, 90. 000100 1100 01 baro 0000100, Lao. 4, 29. 999 0001901
00 0000011000, 000011 10019000 000 10 000000000, 00091,10.)9109

0000000 0001000 000100, Cothon. 199, 90. 0019. 09109000 11009
00109000 900. 011910 (.-091)

90001000100091, 001.,) 0100011000, Po. 99, 99. V.

&basanitin (9000091, 009), 0109000900 1009000, 11010. 999. 0109009000, 0019
1,19.11100·0.9, 19.

1000010100 (10000091, 009), 90909000, 110000.

10000100 (9100091, 001.,) detrudere, 9100000000, boto. 1, 99. ι’. 190
00001101100091,0100100.299,90.

11009100 (11 00091, 001), 0110000, 11010999.

0110010100 (01100091, 009), 0000011000, 0000101000, 1199. So„ 919 ,999919
00091, -00,00.1000100900,00000100100,1100.99,9. 1900900000

,2

scattoimum, 090. manipulatim, 1110110. 19, 90. C.
80091, -00, oi. 0000. propr. 9100000100. 000001 9009100.
Scotto, -00, 00. nom. 00000. Scotto 00911900090001000, 7190. it
8091100, -00, m. 0000. 0010000001. 9000101 111900, 110109.
scyro (001 acite), -oo, 00. i praecipitatio, Po 91, 4. 1..
0001300, 001 0011001(-010, -010 -90, ·011), 0000000000 scyro 00 Ι0910,
19001.1,19.0000.9.
000101 (00011), )-00, oo. 1001100100, 11000001309199.
.- ocyitao (-00, ·1101), 0000000, 0011000, Booti. 190009. p. 199. cm 909
1099.
0000 (000911), -00, aot -0,1.11100,0010, 0010001, Cot. 191.
„2 sainjau, oooiojon (-110,-11), 1100000, 00100000, 011000, Po. 99, 91111001
0010000. of. 00900 ; raa. SGUVAN 1
1001101000011000, L. 0090001. 1. 9010010010 90 9001000110 9100, 909
astat
f anscimJan (onociojan), 019000, abominari, 110011. 9, 9. 11091.Ιᾶ
1010.
1000090100, 0101001001, 9101000, 9010199.
ocfiojoniiio, 09001001100091910.
900001001110, 0019901001091110, Istoc. 19, 19.
0000901001110, adj. 090010011110, evitandus, Po. 11, t.
octouog -0 ,fi abominatio, 900.
90000000 (1000900000),- -0, f. execratio, 111000. 19, ti
0000010000,-0,1.09000100910, Mati. 94,19. c. 11.

 

