111 Voces 1 11111111 inc. 1111111111. 111111. 111. 111. 1111.

111,-11111. excessus? cf. 111. hang, n. [1111 litoralis 1111111111,Ι
111111, m. [11111111111111111.
111111, -11,111. 11111111, Ρ1. 11, 11.
111111, -11, 111111, dominus: 111111 111111, 11111. 188, 11. bor.
1111111, 111, imperans. .
κλι11111η11ν1411111. 11 111111111111,11111111, 18. 11111.
11111, 1111111, 111 111111 . G .
111,...11111111,1111.1111111·11(11, 1111111. 1, 1, 11.
mangonem, -1, s. 11111111, 1111111.
11111111111111, -1, 1‘. 1111111111, 111111.
1111111 1-11, -111, honorare: gepynged (male.- 51111111111111111-
1111111111.
11111(111111),-1,Ῑ. 11111111,111111111,11.1111111.1111111511.
1111111.
3)- ἧ11111111(ε11111),-1,[.11·111111,111111,111111111111111111-
11111111,11.111.11.111.1111111111 1111111 11 1111111 ge-
‘7 111111111111111.1111111111111.11,11.11111111-

1

11111111111511111,Ν11.11. (111111111111111.
1111111111, -1, s. 111111, layo.
111111111111, -1, Γ. 111111111111111.
1111, -11, 11.11111“1111,11.11. 111111, 11111111, cot, 1. helleborus,
11. 71. 1111111111, 11. 111
1111, 11111111, 1111111, 1111 hyre! 111.
1111111111111111111, 1111 1111811111.
11, 11111, 11111, 111111, 1111 111.
111 (1111111111, 1111 1111, 1111.
11111, -11, 1111111111 1111111 111111, 1111111111,1111111,11.11. bor.
1111111, m. ’”
1111111111, -11, nm? carduelis 1111, 111. 111.
κ 11311111 (111,11111,11111,11111111,111111),111111,111111. 11111111.
“’ 111 (1111, 111, 1111), 11]. junctus, 11111, 1111111111 11111111111111
111111111,1111111111111111111111111111,111111.11,1.1111111·
,1111111111 111111 1111111111 11111, 11111 anglum 111 monnau, 111111.
11, 1. 1111111111, 1111111111111,Ᾰ1[1·.11·.1111.1,11.
1111111111 1111111111), part. 1111111111· 111111, 111111 utne, 11.
11111. 1.
11111111 (111111), -11,111. 11111111, 1111111111, Ρ1. 111,11. 11111.
1, 11. 11111111. 111, 11.
11111111,-11,11. 1111111, ,11111111 17. 1.. 11111. W. p. 11.
1111111 (111111), -11,111. 1111111111, 1111111111, 1111. 811. 187, 11.
-κ 1111111111 (11111111), -11,11 111111, 11. 1111.
1111111111, -ue, s. 11111, 1. 1111. 111111. 11111. 111, 11. 111, 11.
1111111 (mid), -1,1. servitium, 11111. 111, 18. 111, 11.
111111111 (11111111),-11,11.11111111111, 1. 11111. 11. 11111.
cat.p.11‚³.
1111 (111),-11,11.111111, 111111111111111, 11111. 11, 7. 11111. 1117.
11, 11. 111. 11, 1. 11111. theo, 111, 111.
11111 (11111), -11,11. servus, 11111. 1, 11. 11, 17. 11111. 11, 11.
11111 (11111111, Ι. serva, 1111111, 1111. 1111. 117, 11. 178, 1.
.. 11111 (1111111111111-11, s. 11111, 1111111, 111. 11117111. om

11, 11. 11111. 11,-11. 1.

 

