13331 a 3331333311 33313331331113113333-«3133333333. 133

1113333331ίὶ3313333), 311. postem, 11. 93) 39.

1333333333, adv. 3331, pone. lm gesihst mo‘ 3113333333, 113331.
33, 33. 33 133133331333313333, 11331. 38, 13.
iners-cardum, -e, f. posteritas, 031. 113.

3131333331. praesens. 33 (11333 3333333333 dag, 111313. 38, us* ’
33 (133 3333333333 1113, 11331313.

3333333133 (-333, -33), 1) praeseus 3333, 3))13333331333,
8331.

333331331133, 333333333311311133. (13 11133 333333331133 ge-
3333311111. 1, 17.

333333333333,-3,1. 3333333113, 111131, 33.

nvem (3333333),31(1. 1) praesens, 113313. 3) 3331333133, 11.
11333. 33.

1333333333, -3, Γ. praeseutia, 113333. s. 1.

sores-eard (1333333133), adj. primus. 133333333 31111, 1131333333,
333313. 33333333 33133, sinciput, 1133. 01. 1. on sore-
3333333, principio, 1133. 3, 3.

3133313333, adv. 333, 33333. 1133. 1383.

1333333333 (1333333331333333), 3311333333, 113313. 31, 13. 1313
menardum 3333, 1311333 mente, 113313. 31, 1. 1133331313
11333113 13133333133333333 333133311333. 3, l.

1333333331, adv. 13133, Coedm. 373, 13.
1333333333, -33, n. viscera, 11333. 13, 3.
’,Ᾰ1333333331133 333. 3111933133, 31313. 3, 7, 8. c. intime, peni-
133, 11311. 1, 33. 113313. 113131. p. 113.
1333333113, adj. internus, 3133. ew (13333. 3, l.
1133333333 (3133333333, 3333333333), infimus. 3131333333 311, 13-
mm pes. planta 33313, 031. 163.
3133333333, 333. deorsum, 113333.
313333333333, adv. deorsum, 111313. 8, 33. 11.
ψ1333333, 3111313333. 1333333 3131, 11131. 333. 311, 1. ee 13333333
313133, 1113. 331, 33. (1333 313333 13333311 13333311, 1133. 313,1.
33 1113333333 woraldo, 11133313, 33. 31 lnam ege (133 1113333333
demes, 11311. 338, 13.
1333113333 (adv.) praep. 3. 331. versus. 33 333 3133 333313-
’3333333 3331, 113313. 33, 1. 1113333333 03, 133. Sam. 1331.
1333333333, adv. 13 futurum, 11131131. 333, 31.
13333333333, -3, s. tempus futurum. on 133333333333 1331133,
11311. 831. 331, 33.
313313133(31313333), adj. superum, 1133. 3, 3. 111313. 37, 31.
3333333, adj. 3333133, 3331333, 113313. 113131. 1331113333337, 33.
3333333313. 3333333, 33333.
3333313333,333333333333331, 3. 113313. 31, 13.
&flumenta (31333333, 3133333), adj. externus, 111333333311.
chron. 833. 833.
1113333333, -33, n. 333333,11. 33.
,1133333331 contrarius, 31333333, perversus, 33331113, Marc.
3, 13. 3131131333. 11331311, 1. 33, 3. 33, 1.
’1133333333 (-333, -33), adversari, Psalm. 31, 33.
3133333333113, adj. 3331333133, adversus, 1133. 31, 31.
11333333331133, adv. 33333333, 3331111133, 111331.

 

