ialinq. 199. 11919-1191.1191911199.11919119191111111911. 111

911999, 11119919, 9119 numm.
Ι11913919, 9119 1111191.
resa, 11919, 9119999999.

11199 (= 9911911119).

19111,11911991,υ119 91111911.
19191, 119111911911999, 9119 1111119919

1119991 9911 driu).
1199911 (11919, aragon, 9199111999, facere, pau: nomon 1991
gan 1919, 99191. 1, 29. 19 991191 1919 19 1191999, 19191. 11,19.
991991191911199. 1191. 9911. 1119911. 119991. 1119 ,sallem
‘Nitebgan (111919, 991.),9111, 119911. 11,1.19,1. -’
11191999111, adj. tolerabilis, 1199. ” ¹
9911919119 (99119111, 991), sufferre, 119919.
9911919191 (9911919991), ferre, 9991991999 9999, 119999.
11919 (119111), -99, 91. 9911199119. 991119.
9911919, -99, 99. 9999199119, 9191199111, 11. 1199. 9.
9911919999, 919. prudenter, 11. 99111. 991. 11.
99119191, -9, f. 9991199119, 1.. 091991. W. 9. 119, 1.
1191119919,-999’,119. 11911199,119919. cf. 119.
dmg, -99, 919. 19199 91991911. 199. 111991.
9911919, -99, 9. 91999991 991. 119911. 199,19.
Ἷ19119 (=· 11919999), -99, 91. 9991119199, 9911111191, Ρ9. 11, 1. eadm.
119,19. 191,19. 91999999,19999.·91991199999 19999991191-
9199 9191199119. 11, 1. 9,. ·
1191199119, -99, 99. 91911199,119911.11,1. fi
11919999119919, 991199911199999999, 11919. 1111. ·
1191191919, adj· 99999191, 091919. 111 , 1.
1191199999, -9, f. 999191, Ρε. 111, 9.
1191999119919, -9,Ῐ. 1999991119, 119919.
119199 (1191991, adj. 19999991991.
9911919 (99119199), 91]. 99991919, 11999. 9199.
9199119919919. 1199919919, 9991.
1191191, 1191999 (-19, -91),9“9111191·9.· 1119911 9919, Ρ9. 11, 1. 99, 1.
911ωῇ1199919, 11911919), -99, 91. 91991199, 119911. 19, 1.
1911991919, -99, 911. 9991919199, 99999999, Son.
μ119111, ·9,1’. 9999, 99991111, 199919, 11919119119111 1199191199,

391319, 11, (Fit 199 1911119911 1191919 9919191, 191199. 199, 1.
99 119111.

1911991191,-99,99.99991199999999. sd , ⁶ ‘
1191199919, -99, 9. 99191 9911119, 11919. 1911 aa ¹

119111-9Ε9μ9ή. 9991119, 991. 119911. 111, 91.
1919,- 99, 9. 9999199ωὼ11999ω19Μ19. 199,1.
fragam, -99, 91. 9991911919, 9119919 119999. 1 'f
. 1191191119,-99,119.119999199199111119191,11919.1191.
,s 1191111999,-99,99.19999,911199,1999.
1191119, ·99, 99. mortuus, 9991999, 119191. 199,1.
. -11911199199,-99,91. 1999199119, 99191. 11,11. 1191911119.
etQ-eu, 91. 99119 19919,11919.111.1111
11911991, -99, 99 19999 99911119, 91199. 191, 11. m, -

 

