m 111111 liquida 1111111111. mum. mus. muv. 1111.- 1111

ror 19111111111111, 'nor-p. 1111. 199, 11. 11 111191119111 1111
vtem 111111 11111 11 folco, 1111111111111111, 1911111111. 191191.
91111111(9111111,111), 111111, lamentari. 111111 111 9111111
1111111111 111 111111 1111111111, 1111118111. 111111 1911111119-
111 1111111 111111111111111111, 11191. 9111.
1111111191,-11),111111,11191.99.1911911191.
11111111, 1111.1111911111,1111111
W 1111111111, 111. me 1111111111, Beda. 999. ,9911111
1111111111. 111111, 1111111. 1, 9. Ηγγζὶ,
11111,-9,Γ.111111.1[. μυῖα, μνΐσκα. cf. MNGAN.
1111111111, -11,1’. 91911, 11111111, 1111. 11.
-111111, 11111,-1, f. 11111111111111, 11111. 1, 1.
1111111, 11111, -11,1. 1111111111111,19111.111.1111.1111111,1111
(1111), -1,Γ. 1111191, Cot. 91.
1111,-11,111111111111111111,91111111.1111111. 1111,11.111.1111,1
1111111111 11111),1111 9111191119.

9111311111 mn, 111, mu).

111111, 11111111, 11111111, 1111111, vide micel.

1111, 1111 MUGAN.

1111, mylen, 1111111111, 11111111, 1111111111, 1111911111.

11111, 11111 111111.

11111, 1. ι.11111,11111111111.

11111111, 1119311, 11111 MINAN.

1111115 1111),1111ΜΙΝΑΝ.

1111111, 1111 munuc.

111111, mynegjan‚ mynegung, 11111 MlNAN.

11111, -1, 11111111, 11. 111111. 11. 11. 01111. θ. 11111. 9, 8.
1111111111,-11,1.1111111111111111111,11111111.11.

11111111 (111,-11),111111111 1111111, 1111111111.
11111111, -11, m. 11111111.111,1. 11111111.

11111, vide MlNAN.

1111111, -1111,11..(111 1111111),1111111111111,1.1’1111. 1 [NA. 1, 99.
111111111111111, -1,ι’. 11111111111111111111111, 111111.
11111111111,-11,1. 1111111111111111111, 111111111161111.
1111111111,-11,11.111111111 11111111,111111111, 111111. 1111. 9.
1111111111,-11,11111111111111111,0111111119, 19.
11111111111,-11,111. 1111111911, 1. 1111. 1. 11.

1111111111, -11, m. sacerdos 1111111111111111.

1111111111, -1, s. 1111111111 territorium? 11111. 9, 19.
11111111111,-1, 111111 monasterii, 111111.
11111111111,·11,111111111111111111, 1111111111111111111111, 11111.9,19.

“Amyntam 1111 NlNAN.

Nyrce (1.), Nym (11.1, Nmen, 111, Note 11111 mh NANAN.

1111111111 111111 119 1111111119.

.· 1111111111, romnis, 1111111 (1111),1111 MNRAN.
Umyrran (= 11111), 1111111111,1111,11111,1191911111111.
p 1111111, 1111111111111111, NaeNANAN.

ΛΜ111111, -11,1’. 111111111111111111199. 111111.

Μῗνωμ, 11111, 11111 NAGAN.
1111, 1111111, 11111 NUeAN.

 

