Vmamfflmoemmoermwtmtmhmtm

cempan, 9999 cmm.
999999, 9999999199, coming, cennius, 91999 ovum«. · ¹ ι
cent, 9999. 199999, 09991999,1119.19,19. cs. 09999999.

0991199, adj. 0991199999, 09999. Sam. 999.
09911991, -eu, 9. 0999199, 1199. 9, 9. ·
09919199, -99, 9. 09999999, som.

cerdic, -99, 99. 9991. propr. 09999. 999. 999. 991. 999.

9999, 99999, 999999, 9199 omn.

9991199, -99, Ι. ram 9119999991919. 1199. 1, 99.

9999 (91999, eyn), -99, m. 999919, new, 91999. 99 99999 99999, 919999
9199, 119919. 99, 9. 9199999 919999, 999991, 19991. 91, 9. 91 mun mre,
199. 99, 99. 1919999 99999199, 11919999, 19999999 999991 9999 9999995
919 999919 9999191, 99911991 919. 7999119 productio 99199999 999919 999-
dari 999991, 99 correptio, dijudicare 9999 999999, 9991919 99991999 999-
reptio 199999 9919999 videtur 99919 19999 (tute), quodjam 99999 (999ι
19)-199991199. 999 919999. 1919 999999 99919999. 999, 999 9999199991,
999999 sormam nunquam 1991.

919999, -99, m. 9991199, 1999. 99, 9.
91999999, -99, 99. 1999999999999, 19919. 1,11. 0.
999999, -99, 99. 1) 991199, 19. 199919. 9) 19999999, 119919. 91.
199999, -es, ιιι. 991199. ’
1999999999, -99, ιι. 9999191999, 099. 99.
9991999999, -99, 99. 1999991999119,111919. 1,19. 0.
,κ’- ωιηῖ, 999999, 919999 (99999, 999999), vertere, 9999991991 1919,
199. 99,9.11. 9999911, 919999 91 19991999 godam, 11999. 91, 99.
19. 99, 9.
9999999,99991999, 119999.
99999999, vertere, 9999919999, 09999. Sao. 1911.
1999999999, 9999991999, revertere, 9911999, 119999.
---- 99999999, vertere, 9999991, 91919. 19, 99. 19991, 91. 0.
9199999999, 1999999991, ,199. 9, 99. 19.
ff -oncerm, 1919991999, 119919. 1, 9.
999919999999, revertere, 099. 9, 9.
11999999, 9999991999, 099999991991.
9919999999, 9999991999, 1999. 99, 9. 019.
. χιιίιειιοπιιιι, 9999999919999, 1999119 aava ρ. 199.
9999919999, -9, f. 999999, 119999.
999π919999,·9,1’. 9999919, Son·
999199919999, -e, f. 9999999919, nom.
9999991119, adj. 9999 9991199199, Son.
999999991999119, 991. 9999999999, 119999.
9999199, -9, Ι. 999919, Son.
geoerrlng, -9, s. 9999999919, 119999.
ont, 9999 cnm.
9919, 99111, 9999 011119.

Cen (τε 9999. b).
9999, 999199, 99911, 9991119, 999199, 9199 999919.
χ99999911991919,-199),9999199991, 999. ‘sm :. .
ωιῦιιιιιιι, -9, Ι. 9999199999, M 9,. 1999, · 'zQ
99919, -99, n· 1) 9919, 9999. 9,19. 9) emm-*u-

 

