ruff-1¹⁵.

116 Voces 0 001110001111010100110.10011.10111 11111111.

1001100, 0111001000.

0111001100,011. potem. 00 010 001001100101, 110011. 16, 1.

10011110ομ0, 1. 10010100, 0010100110, 01011. 1111110.

10110, 0111. 001000, 1100110000, 1100101. 18, 11.

1100010110, 011. 0011 subjectus, 01001, 6. 1011. 11.

, 0010110, -00, 0. 00100110, 1001100110, 11111. 1,11.

’ ” · 00101100, 00101100 (0010110, 00101100 00101101, 00101101) domare,
001111. 1100 0111111011 gevyldan 00101100, Marc. 1, 4. 10 0010110
10,1100.1,16. 0010110 man 11110, 1101111001. 11. capere. 10
1101 001011(ε 00101101), 1011. 16,1.

1011100, -0, t'. 11010100, dominatio, 1100101. 1111, 11.

00101101, -00, m. 10010101,100, som.
-. ι -1111101 (1111101), -00, 01. 010110, 101. 1, 14. 11, 411. 100101. 18, 1. 0011.
11111100, δόξα.
1111011011, -ges, 01. 0101101 0000110, 100110. 61, 11.
1011011οω00 (-110, 111) 00100010, Sum.
001011011010100,00100010, 1100111081111, 1.

,1,011011101 -00, 01 01001000000111101.(111,116.)

1111101000110, -00, 01. 1000101100, 0011110011. 111, 11. 011110. 81,
11.

101101111οτ, m. 0101100 pater, 1111. Sm. 191, 11.

1011011101, adj. 0101100110, 10001111οι10, 1110011. 11. 110101. 1, 11.
mmm&

valentianum, 010. 01011000, 01100. 800. 181.

1111011111, adj. 0101100110, 111001. 16. 1100101. 86, 1.

1011011011]οη (0110, -11) 0101111οα00, 1110011111οα10, 100111. 81, 8.

mmeramme, 0110. 01011000, 1010. 11,17.

1011000101,-00,11. 0101100 spiritu, 110110, 0010011110, 1101100111,
11.

10110100010011, -00, 0. 0101100 0100010, 100100 01011000, aar.
4,16.111,11. 0011.11000.118,11.

1011011000, -an, 1110101100 00110110,0101110.111,16. 0011. 11001

. 181,1.116,14.

f 1011011100110101100110,1101110181. 0111010000 (1) Cot. 141

1011011100, 010. 01011000, 8000.

1*1111010011100,-0,1’. 001000010100101100001, 0011. 110011. 111, 11.

1011010011, -0, t'. 0101101 fructus, 0000 010110000, 0111οι. 6, 11.

1011000111, adj. 010111 1111101110, 0101100110, 0101101. 8, 1. 161, 11.
111,1.

1111101100, 1011ἠο0 (110, -01) 1) 0101110010. 1010111100 1101000 11000,
100111. 81, 11. 10111110 001, 11001, 11. 1) 01011011. 1110111111
00 00 00110, 1100101. 1, 11.

0010110000, 01011011, 1111140011. 1,11.14,11.

1111110110, -0,Ῑ. 010110110, scint„ 11.

1111111 (1011, 11000, 1111100)001010,11110010, 0001111100. 01101000. 1011,

101. venerari. Q·

1100, 1100110001. 0000061101800116.

ἢ 1100, -00,01.(0011. 0100001011ηο 0111100,οι10. 1110011010 01

11011010101.110001)’111111101 11110 (0101000) 001000, 6101101. 111, 5

0110010100, 6010111111. 00000 11000 000110, 1101101111,Ξ

18. 11010 1001101, 1110. 1111. cf. 101. 11011 11001. 11100.

 

