484 Vocon 4 44444414 4444441444. mn.

44444, 4444. 444444. 444. 44444, pustulam 444. 41444441, 41444444.

44441114 (44441114, 44414414), 444444, 4744444. 444. 4444411444, Ι»
4444, Luc. 14, 4. c. cf. 44144144.
mar, 4444. 44444. praetento-praee. (144. 44444. 44444. pem, 4441,
44444, 4444. 4444444 3 44444. 4444. 444444, 4444. 44444444 Sub). 44444. u
44414, pyrre, plur. 4441444, 4444445 44444. 4444. 4444, plur. 1444144441-
fin. 4444444, 4441444 4444. ρνῇῇῑόῑῐουόο), 4444 dns. 444 m, effi
4444444444 4444444 4444444 ne 4444414, 44444 4444 44444, 4444444444
no 44441144 444ἶ444ῑῖἶό4 44444444 44444 4444444, 144444. 4, 4. 44 4411
1444444414444, 444 4444444 4444 444444 444, 144444. 44, 4. n 4444114-
444 44444 maran 4444444 044444. 444, 44. 44144444444 1444· [eomm-
444 444 4444 4444444 444 4444444, 444. 4, 14. bit 14 41444444 44144 bu·
14, 44 444 adulari 44444 4444444, 04444. 14, 14. 14444414444 pm,
Coedm. 444, 4. 14444 burte-ve nu 444 sptem? 444444. u, 4. 1⁸ 444 μ·
4441441444 vunjan, 444 444 4444 4444444 444 44444444 mnne, 1444.
4, 44. mn 44444 hu 44414, 444444 quam 44 44444444, 144444. 14, 1. 414
144 44444 414444 maran 44 44444, 144444. 44, 4. nm 11 pynon, nn 11
414 burton, 444444. 44, 4. lm 444 4441414 nor& 14441 no borno· 444444,
044444. 44,11. ne 4444444 lm, 144444. 14, 4. 44 44 {no ar 444444, 00
414444 44444 444444 4444444444, 444444. 44, 4. 4444. 4444 (tur. 4444444),
444444 44444, 4444444 44444, 44444444 444. 4144414444. 4141444444).
>- 4444444, 4444. 444444. praet-prm. 4444 444444, 44444444 cu 44444
ne 44444444, 44 4444 4444, Ρ4. 14, 1. 44444 Mer 444, 444 g· ..ιιι
4144441444 44444144, 44444. 4, 44. 44444444, 444444. 44, 4.
sepem, 4444. 44444. prm-praee. 4444444444, 44444444, nonme.
44. 444114411444444 hren (14444444) 4444444444 4444 ngas, 44 ιι
14444 444444 114414 44444, 44444444 4444 0444444444 44444444 44444 44·
444444 444444 44444, 444 444444 4444 44444444 4444444444, Beda. 4141.
„ae- «44444, 44. 4444, 4444444444 4444 44444 mo 44444 444441 aa. 14,
44. 414 me 444 nan 44441, 444 41444414 41444414, m m nm
444444 444444 4444, 444444 44444 4444 44444, Gen. 44, 14. gu
44 441444 manne· 444444 444, 444444. 44, 14. tor 44444 444444,
444 444444 4444444444, 4444. 44, 4. loom 4144 44444 414 (m, 4)
444444 444444 seem (411, m).
4444444444, -4, Γ. 444444 4444444444, 144444 41,1.
44444444, -4, f. 4444444444, 44444444, 4444444444, Boou. 4, 4.
ι.. const. mue, ι. 4444. w. 44. ·
4444114444, adv. 4444 444444 (4, 14).
44441114, 4444. 444444, 4444444, Bono.
4444414444, -e, 1‘· 4444444444, 4444444444, Pa 44, 14.
-χ 444444, 44, 44. 4444444444, 444444, 44444. 44, 14. 44444. 4, 4. 4444.
parba, πτωχός.
44444344 4-444, 441), 44444444, 144444. 4444444444444 4444444444 u
414444444444144 4144, 14444. 4444. 4444. Imm 4-41414),414·
4441444. 444444.441444. -- *¹
4444441144, 44444444. 4444444441, 44444444, Bm.
..ν-44441444 (414, 441), 44444444. 4444414444, 4444444,.144.14,44. ouda.
144, 44. 1444. 444. 441, 4. 4444. 4444445444 414, 4444444444.
4414444444, 44444444. 4444441441, 144444.
44441οά4444, -4, f. 4444444444, 444444, 14444. 444. 444, 4. 444, 44.
44441, adj. acer, 44444444, 444444, 144444. 144444. 4. 144. 444144444444,

 

