¹ rma-mmmm 0000000010

01901000, -0, t. 0009001001, 1000010110, .1100. 1.
0001001009, -0, f. error, L. 11119. 000. 11.
Lina-am. 0090, 10εο0101010, 00001100, Ia. 0000 001. 5. 1011110.
. 11.

01000001 (0100000011), -00, 01. 00900000 consitum, 11001. 11, 11».

0100000111, -00, m. 0000101000, 1000010110, 1000. 111, 17. Nora. 000101.

0100100 (110, 111), 0000110110 011. 0111001 0100100, b. 1119. 000. 1000.
pn. 11.

0100000, -0, Γ. incantatio, 0001011010οι.

0100000100, -00, 00. 000 0000100, 000100. m, 11.

0100, -00, f. 000100 0000000010, 00000 0000000010, 001. 115. 0000100100

00100 10110 01100100001000.

ming, -00, 00. 00000, 11010. 111. 111). 0000010 00000 form 00000, 000
11001000 01 0010001010οι 11000000 abundum 0101000100. cf. 100000
vam.

01000, -00, m. 110110, forticula 00010010010, mr. 91. 100011. 00 00-
01100 0101 1100000001 (claron. 100. 811), 01000 011000 00001010
000001101010101000, 00001011 001001.

...v 0011), -0 ,1 00001000,001οι01(10,11.). pu 0111,,0001100,011 ¹
nug J, lice 1100010 00001000100, 001 0101001110 000011·
000 111000 0010000110010001. nume 1100011011 001100 1101000000 on
s 000100, 001. 110011.11,1. nante 001010 11010000,110011.11,1. 001010

010 , 110011. 110001. 0. mm& 11100, ωᾴῇ

. 1700100.11,15.001110000000, , 01) 0010 0110 011 (000.
101.) 011000 01 0090110010 0100 0090001000 0110111100. 10, ne m g vuh
00001000, 00010011, 1. he ne 0101010 01101 0010010100, 000101000 non Ι
potuit, 0000. 000. Unum pone v· gase 0100 32 gato, 0000. 0000.
011000 110 100001 0· 001 100 0 t -00 n. 101001, 00
900110·οὲᾗο 0000 ..9001 000 ....-- , l
1010110000 0010. 00100 'a‘ilverbiis ,0100001101 000100011, 0. 90.
1011111011,111),010111(01ιι111,011ι1)“. 0110001011,Ιὶ 1100100111,
01.·“-’· 11001. 10001111, 01000111, 01101100.

11110001, -ge‚f. nom. 00000. chron. sax.
1111010, ·00, m. nom. propr. 01000100.
11100110 (= 010011), -00, 00. 0000. 00000. 010000. 100.
111111110οε, m. 0000. 00000. 01000. 100.
11101011, -00, m. 0001. 00000. chron. 100.

*vim (011, 01100, 01100),’ 00009000, 0000001000, 00001000. cs. 100. 01100100,
000000 1000011000) 00111, 00010 0001000100, 000100. 00110, 000100 00010111,
[rm. 90110. 01110, 010. 0010,1000,0010100.

0110 (00101101), -00, 0010010110, 01000. 100. 1118. cf. 100. 011,
smus, 0010110.
0110, 011, 010. 1) 1000, 00010, 00110. 000000010019000001100101, 110011.
11,1. 001 0110000001, 11001.,.11 01100 001 111 0100 pe 010 0010111,
Iac. 1, 11. 1) 0090, bene. cf. 11001. 00103901101110(001001101).
00011001. wola 01 000000 0110 110 00 1010101001 000010 010100 (0000).
dunel, 010. 0011001000, 00110, 110000. 0. 1. 100001 011, 000010-
01000, 11.
001100001οό1, 0001. 0000101000, 0000101110, 11. Ben- 11.
0 ,001000000011090000000111101100114 01111011.

 

. ,ᾧ

