Praefatio. xv

11111 111111 111 1111111 11111111, 1111111111111111) 11111111 111111, 111
11111111111111111,111 1111111111 1111111 11111111 11111. 111111, 111111
111111111111111111, 111. 111111 (1111111111 1111111111.

1111111 y 11111111 111 111111 1 11111111111111111111111 11 11111111, 1111-
111 11 111 1 81111111111111111111, cr. 1111111111,1“111111111111 1111·
111 1111 [111,111111 11111111 111111 11111111,1“1111111111; 11111111-
1111, 11111 11111 111111111, 11111 1111111 1111111111, 111111 11111111 11111 ,-
1111111111111111, 111. 1111111 11111. 1111111111111111111111 etiam
11111111111,1.11. 1111 11111111,111 1111, 1. 1. 1111, 1111 111 1111 11-
11111111 1111111 jure 111111111111111111 11111, 111111111111111111111,
1111 11111 111 1111 11111111111 111111111111, 11111111.

De vocalibus 1111111111.

311. Septem 11111111111 1111111111, 111111111, 11, 1 , 1, 1, 11, 11

11111 11111111 111111111111 1111111111 1, cnm 1111111111 1 1111.

3 11. 1111111111(

711111111111111111111111111111111111111, 11 111 1111 11111 111-
1111111111 1111111, 11 11111111111111 111111111111 simplicem 11111 .
111111, 111 111111111111111111111111, 111. 11111111, 11111111,
111111, 11111111, 11111111 1111111, 11111111 11111111111, 1111111111,
1111 111, 1111 111111 11111 1111111111, 111 11111111111,11111111 1111111·
11, 111111 1111111, 11111111 1111111111 11· 111111, 11 1111111, 11 111,111
11111, 111111 parcere, 11111111, 111 111111, 111111111111, 111111 1111111
111111 11111111,11111 111111, 111111 111111, 111111 111,· 11 111111, 111111, 11111
1111111,1111111111, 1111 1111111111, 11111111 1111111 1111111111, 1111
1111, 1111 11111111, 11111 111111 1111 111111,1·1111111, 111111 11111111
dgna 111111, agen 11111111, 1111111111 1111111111, 11111 1111111111,
1111111111, 11111 111111 11111,11111·11111,· 11 11111, 1111 1111111111,
111111 111111111111111111, 111 111111111111111111111111,111 11111111111,
111 111111, 111111111111, 1111111111 111 11111, 111 1111111111, 111111-
111111, 111111111, 1111111 1111111 111111111111111, 1111111111, 11111111
111111, vanu 11111 11111111 1111111111, 11111111 11111111, 111 11111111,
1111111 1111111 1111111111111, 1111111 111,· 1111111111, gant 11111111,
1111 1111111111.

Anno& 11 1111111111 1111111 111111 1111 1111. 11 111111111111 1111,

11111. 1. 11 1 (= 11) 11, 111111, 1111111 11111111 11111111, 11· ·
11111111111, 111111111111111 '

311. 1111111111 11. ,
11111111111111111111111111111, 1. 11. 111 111111 111111 1111111111, 111111

1111111 ,· 11111111, 1111111 1111111, [111-11111, 111111 111111, 1111111 111-
cire,- 11111111 111111 1111111, luem-docem foemlg 1111111111, 1111111

senuna,- ωῑκΐῐῇῃςαωιῑιῖεώ, menan qun,- 1111111111111111
1111111 vinum-mene dolosus, 11111 1111111 11111 1111111111, 111111

11111111, 1111111 1111111 11111111 1111111, 11111 111111 11111111 1111111111
11111 1111111111, 1111 11111111,11.·1111 11111, 111111 1111111 111111111-
11111111 111111 11111 1111 111111,111111111111111.

111111. 1111111111111 11111111 11 111 111 11111111 111111 1111111, cl·
111111 1111τὲ1, 111-1111111111, 1111 11 111111 1111111 1111111111 111 (=
1111. 11111) 111 111,11111 111111 11111 ('= 1111. 111111Π11111111-
111111 juxta 11111 1111111111111111 11111 nutam 111ι1 duum·

 

