Voccc a 1501511“1’115151’55155.150111.15111.10515.05. 0111

1. ta 5551055 aea. dat. 51 ta 1515 51115. 111555 11 plurimam 5551111155.
55111. 15155555, 5511055555 1115511. 1555511. atta. ·

15555001, -5,Ῑ. 5155155 1511115115, Son·
1555555555, -55, 51. 5551555, 050551. 00, 00. 105, 00.

’ 1555555515, -555,155. malum 15111515, 0505. 010. 1110.
1555115555, -5, Γ. 551555 15111515, 0505. 5170.Ι
155555555505,5551. 5515555155, eadm. 117,17.
155555155155,-55,51. 555, 0151151. 00, 00.
155555515, -5, s. 15155555155, Cat. 111.
155555555, -55, m. 55555 5155511555, 11505. 1500.
15555013, -55, m. 51155 0155, 051155. 110, 0.
15555051ς,-55,11.5111555 1511515, cad. 115511. 80, 10. ⁸
1555550555, part 5151511555, 05555. 0
155551155, -55, 55. 5511511515, fortitudo, 0505. 5100.
155555555555, -355, 51. 51155 1151511515, cadat. 001, 0.

-- - 1555535001, -cs, 15. 51155 0155511555, 55555.-
155553551015, -55, 55. 51155 0551555155, 0505. 1001. 0070.
1555551515, -5,1’. 51155 05551151, cad. 111555. 050, 1.
15555505, -55,15. 51155 damac, 555555, 111555. Anat.
1555511550, ·55,51. 51155 1155511555, 1350. 05515. 010, 7. “
1555555505, -55, 55. 51155 5115155, 05515.
1555515151, -55, 55. 51155 5551151555, 0505. 1080.
1555515115, -es, 5. 51155 premium, 551055 515111 15555150510550

351055,1“15055.187,10.

155551555,-55,51. 51155 destructio, 555555, 0505. 5505.
155551555, -115, m. 51155 51555555, carpas, 050. 0555. 111,11.
1555111555, -55, 55. 51155 55515515, 0505. 1000.
155555555, -ea, 55. 51155 55155115, ccam. 007, 18. 018, 0.
1555555115, adj· 5551055055, 1511511155 vulneratae, 0505. 1000.
15555511505, 50].’1 5151155510551.
reorhsveng‚ -55, m. 15155 1511111115, 05051011.
1555155150, -55,551. 51155 555155, 115555. Anat.
155515550, -5, f. 51155 5115155115, 0505. 008.
155551550,-5,1.551111151510115555, 0505. 1700.

50 11551),55·. 5111555555, prudens. 5555 5151 ca 555555055550515515

10550 (1555110, 10501, -55, nc? 11515555, 51555. 55 515 55005 55550 15551 “
55155505, 11505. 1501. 155 5551011100 5551, 55155000155505, 015015.
011,10.

· 1555055155, -05,51. 551551 5551555, 01505155, eadm. 000, 5.

1555055555,5115’. 551555 5511151155, 055051. 100, 00.
15505015, -55, m. 11111511 055555, carpas, 05051. 157, 0.
1555015555, -515,55. animosus, 1150500115.

1555051501, adj. 5515155, 55511555, 15101111. 11.

155501555, -515, 55. 5511551 0515155, corpas, 0511515101, 07.

155551, 1555155155, 1555151555, 1555555555, 5105 infra 155555, 155551-
1515551.

11555511155155555055. 0, 01. 55111. 1515155515555.

05515, -5,1. 1155555115, crimea, 511155, 0151155. 0, 11. 1511 55 555115
515. 551055 55155 tirenum, 0511. cco». 15, 00. 415551 1551510515

11555050, -5,1. 5551115, Cata. 100, 01. , (qu w

 

