m 000100 11000010011011101. ris. 100 - 101.

’χ 50110010, adl. 0011011100, 0101, 10.
0100110010001 100000001010,11101011111, 000111. 11,1.
0011001110 (settene), 0111ορ101, 000111. 10, 1.
0110010100, 001. 1110000110, 11111111, 000111. 00, t.
gerisenltce, 000. apte, 0101, 0.
0100110011100(0100000000), 00011000011101, 0111011. 000.
1011. 1110. C.
geriunennee (1011111011),-0,1. 000000100110, Cot. 10.
3011001101 (-00, -00), 0000011110, Cot. 10.
1111, -0, fi? surrectio.
ιχο1101,-0,1.10101100110, 001. 0, 10.
011101, -0, s. 1011001, 011011. 000. 1000. 01. tamen 101. 01110101·
0001100110, -00,111.1011011111110, 001. 101. 171.

, Bb (= 90111. rb). s
100, -00, 111. 0100111110, Pe. 101, 7. ,t

1001000101001, 1000111001, 0100111110. Ι 11,

10001,10001110, 1011010101, 0100 11011111. V

1·οῡ 10110110, 0100 1101, 11011000. ,

101, adj. 1111101110, praestans. 1010111010, 00011. 10,1. 00, 11. 100,10.
000. 101, 1001, 101.

mnam, ·e‚ 1010000110, 011011. Sam. 101. 171. 701.
1101101011 (1100101011), -ge, Γ. 11110 110110, 0001, 11. 0100. 1, 1.
1100100001 (-00011, -00001),-00,111.11111111111110 1101111111 0111101000, 0111011
0001117.
0000000001, -00, m. tributum Romam mittendum, 011011. Sam. 1001.
110111οο1, -1000, 11. 11000110 Romam mittenda, 110000. 11111111. 0.
1101110010, -0, 01 -011, 111. plur. 10111. 1101110111, 0100.1,10. 00011. 110101.
111. 100.
Κ11011010, -a, 111. plur. 10111. 1101110111. 11011010 0000010001 111 10101010,
0111011000. 110. 000. 1,11,11. 1101111111 1100, 0111011. Sam. 100.
1101111100, adj. Romanus, 000111. 1. 010. 1, 11,10.

1011111111, 1011301 (-000, ·00), 0011100011. 01101110 tn potestate 101010,[1111
aliquare, 000111. 10, 11. cf. 000. 1001101, 101101, affectam 101. rena,
00010010. 01. 101. 10111. [01110.

1011, 01001101.

1000, -111,1. 1000, 00011. 0.

101, adj· 1110110, 1110001100, 01110100. 110010 0101 and 1111 1010010 11110
1011, maxima pare et 0110001010011110 hujus 111010, 011011. Sex. 1007.
cs. tor. 10111, 1000110000 feret, 101,1110101 violentus.

Χ- 01101, adj. 1110110, 1110001110, 000111.0,1. 00111. 10, 00. 111010. 11,
0111011. 10,1.
10111101, adj. 1111100, 00001111, 011011. Sex. 1117.
101110, adj. 1110110, 0110001000.
01101110, adj· 1110110, Metto. 10, 0. 0.
1011100, 000. 1111111101, ornate, 0011. 1, 11.
0111111100, 000. moeste, 001. 17.
1011100, -0, s. 1110111001010010111,0001, 0.
, Ἦ 1110111οι, -e, f. moestitia, 11101110, 0011. 10, 010. 000111. 00,1.
07,1.
10101111 (-000, -011, 00110010.

 

