11114444111441444441444144.141.-114144 1444. 144. 4441).

411144 (414, Ad), debilitare. 44444 414 44444444 14444114 veura

111144, 1444 duro tumore 441111141444 erat. (78, 4.)
14144, 141444, 4144 LE6NAN.

141, 144444, 4144 141161141Ν.

1444, vtae 41444.

lent (= 14414), vtae 444444.

14444, 144444, lesing, 114444, 41441411614Ν.
11444, 4144 144444,

14444, 4144 LIVAN.

[44 (= 14141441.
144, 4144 1444.
1444, 14441441, 4144141104Ν.
1444,144444,4144141111111Ν.
1441 (s), 1441 (4))14414, 144144, 14411411, 1411114441, 1441444,144141444, 4144
LAoNAN.
leAg, 4411444, 1444 (1.), 1444 (4), 4444 444444
1444, 1444144, 1444444,4144141111Ν1Ν.

· 1441,-44, m. 1) 444414, 44141444, 11. 11189. 198. 041. 49. 1) 44444 ad
pisces captandos, 1ο4ι.1)444141, cadaver. 111 441414 1441 , 144411
cadaver putridum, 144111. 111.

11111 (1111111441. 14 casa 441444, non 4141 14 4441441114 1414144 ,
1444141411, 4144441 1 qm) &zum
1444, 14444ἷ4Π44441144, 1444144, 1444114,14 444, 1444441, 4144 [41464444.

144114 1-414114 liu).
141,-4 (41 1444,-44), m. 144. 1444444,14441144, 1441441419. uma.
κ 1444,-1411441144.
“ “· 1444, -4, s. leaena, 114441. 44441.
11,44141 -44, m. 144414 ms (herba), cot. 111.
LE(')DAN (1444414444,14444),44444444,1444414444. 4114444 14114 414444
Audon 14444444, ex 44 stirpe 144144 creverunt 441441, Coedm 4419.
1414. 114444 (14414, ludum, 144444). cf. 411444 ιΕόΡΔΝ.
14144444 (141444, 441.,) 44444444144414444, (1.44444 9118.

1444 (1144, 0444.1,.1), -4,1(-41-44 44.) 1) populus, 44114,
fl] 1144. 1, 11. 1) Q& 4444444444 41444
’ ‘Q (11 144444 1444, respon 4141 sortis Vederorum (4144144444) 444,
11444119. 4444 11441144444, 1444 snudinga, 114114441411,444
· ”lm 1411414144444(114444444)11144441114.1444414414441444 4,14
0 Ast 4444 8411444444 444( (111, 114411Μ414 414444 4441441414,
141411. (’.44 Buff. 1) 14444, 4444.1144.1414444414·,444444-
1141 1444414 441, 14441444, domestici, 44441. 141 4414444 4144 414
14444, Luc. 19, 14. 1111 44444414441 14444 4414144, (14444. 189,
11. 444144 44441444 44 4144441444 14444, 044444. 141, 19. 4414-
4414 sinum 1444444,044444.114,18. bor. 114111. theod. 1144, 4.
1414444414, -4444, m. miseria 1411144, 11444. 1141.
μ1444414441μ44, m. espiscopus provinciae, 114444. Sat. 919.
14444444,-14,1. 4414141414, 114444. 111, 11.
1444141144, -ne, 1. servorum venditio, 1414. 11. 111.
f 1444414141,·44,44.444141414414,11444.1117.

agamemn, -44, m 144414441414414,1’414 1411. 141411 1144114
atel. 14111.

 

