118 Voces a 1115115 1551555155. neg. 5555. 555515..

35581 (35553), ado. 55115, abunde. 35553 5555151 hit 15 , 115555. 35·
58351151 155 55351, 115515. 55,1. 3558511115, 51555.11,11. hilo
35511, 11515. 6, 51. 15551. 355553,1515555.

aigun, 55355 (-(15, -5511, satisfacere, compellare. 5555 555. 51 15-

515555.55515551555 51355,555515 aliquem alloqui, Coo. Esou. 166,

1. 115, 16. 55355 1511551115 51155555 5555551 aigun, 11155188. 555

ovio 55355 55555 5551555 51355,11155. 558. 15155 555515 355 5551555

55315, 055555. 171,1. littam siue sardum: 5135155 5181 51315 55 35·

55515, eald 815115, 553515 5515555 voro, Coa. 11555. 581, 5. 51. &rimus

51 Eleu. 188. mali 555 aerium etiam noegeu scribitur ,· 51355 551

55355 555151 5551551551, 51515 513155, 553155 requireretur.

3558355 115,-551) 1115551555, satisfacere, compellare, exstruere.
5155155115 555135, 51515 35513155 5551135 5515153555, 5555555-
runt 15551, 5155 555 restruxerunt 155155 dapiferi, Caedm. 185, 58.
neutrum 3551355 5115551553555, 1555555 5511511555, 55 5555515 5511
up 351555, aupustis 5551555155 (51555515155) 1551511551555,1555-
culsus sapittis, nou potuit spirituus sursum 1555555, Coo. 11555.
171, 15. 311 me 3555555 155115 35115 3555358 , 51 quis 55511555 rue
55115 circumdat, eoo. 11555. 181, 58. 1) inne 1555. 5515555185
3555351,55515 odio appretiatur, 851. 11555.118,17. 1551155151-
1155 555155 55355555 11155 3551351, 15155 viros trapaezetas malo
15511155 5115511155, 05511555. 51, 18. 5) sura ado. 1583555551
155 1555155151 35515315555555 35553511 quomodo 1151115 animus
afllipetatur, aapuste compellabatur? Coo. Eoou. 161, 55. - Ρ55-
'pter 55115555511151151555 uerbum 55355 eum 55555 15555355, 35-
15555355,155555511515 55151, confundi 5115155, auem 51 errorem
15155 5551111555355, 35555355 fortassis 555 parum 15511.

55555 (5555515511. 1) aupustus. 55115 5555555 sint 155 menniscon 35555115,
11551511, 1. 5155 1515555555 555155,1155115.15. 1) 55551555. 15515555
pono 5555555 511, 115155. 15,11. 85551555.5555555,55. -e, 1. 5. 55
5555555111, Caum. 58, 11.

5555555531, -5, 1. insidiae. 51115 15 5555555531555, 85111555. 168,
11.

· 5555535115, -55, m. arreptio, 851. 15555. 181,18.

5555551155 1555551155, 5555551155), ado. anpuste, subtiliter, Past. 11, 5.
85151. 51. 05555. Sor. 1885.

5555555555 (55555555, 55555555), -5, 1. 55155115, auditas, 11551511,
1. 51,1. Bel. 1, 11.

55555555555, -55, ui. 15511155, dolus, 051. 11555. 518, 5.

5555515555, -55, ui. 15155, 1151111555, Ρ5. 18, 5.

5555515551, -5, 1. 55155115, iuopia, 11555. 858.

555555 (neura), 515. 55515, 5515515, Baetis. 115551. 181.
“ 55555155 (-155, -odi, 5551551. 551555555815, 05555. 51, 51. 5551555.

3555555551 15 5155 mo 31151 min, Psalm. 115, 1.

nervon, nyrvan (-55, -511, 555555, opprimere.

35555555, 555555, Luc. 15,15. Psalm. 65, 15.

515551 (515551), ·55, 5155155115, 5515555, 11555. 58, 5. 11, 1. anpu-

515515555, Num. 11, 18.

51551, -5, 1. 55155115, 555555, Cot. 88.

 

