111 Voces 1 sibilum incipientes. 111. 1111. -111, 111. - syl

11111111, 1111111111 111111 111111, Boea· 11, 1.

1111111111,111.111111111 vemt, 111111. card. ρ. 111.

1111111, -ou, 11. 111 aarum, 01111. 111, 11.

1111111, 1111111111111111, 11 alricum, 111111. 1.

11111111,-11,11. amm, 121111. 111, 10.

1111111111, 111111 1111111111 111111, ww. Apol.
11111111 (-111111),1111111.11111111 1111111111, 0111. 1, 7.

Λ--111111, adv. 11 1111111, 1111111. 111, 1. 110, 1. ebron. Su. 11111

11111, 11 1111111, 1111. 111. 111, 11. 11111. 11111111, lor. 111111.
1111111111, adj. 11 1111111111 111111, chron. Sao. 1111 ρ.1,1.
11111,1.11111111·,111111111. 11111. 1111111111. 1111, 11.
1111111. 1111111111 81111ιί11111, 1111111111, Summa, ,111111
111.
81011ςό brige), -111, m. 11111. 1111. Summa, 01111. Sa!
811, 111. 11 1111111 1111111111 1111111 rerem 11111, 11 111
§sul-rige 111111 11111, 111111 1111111 1111111 11111. 1111111111
1111111111. 1111111111, 1111111111. 11 1111111 vind, 1111111.
11, 10. 11111 11111 1111111111, 1 11111111111111111, 111. 10, 1. fl<
1111111111.
1111111111 (1111111111), -11, ra, 11. 1111111111, 11. 11.
1111111111-11. 1111111111, 11111.
11111,111181111111.

..- 1111, -1, m. 11111111 11 1111111111 1111, 1111111111 1111111, 1111. 1, 11
1111111111, ejus 11111 nuptiae, 11111. 11, 1. 11111 engen 1111, nei
11111, 1111111111. 1111 3111111111 uuna 111 111111, naamam
111111 filiorum 1111111111, Ceam. 11, 11. 111111· mim 1111111, 111
morum filiorum, 11111 11, 11. 1111111111, 11111 111111, m 11,
1111. 1111111. 111111. 1111 (plur. 1111). bor. 1111.

81111, -11,11. 811111, vel 1111111 sorabi, Sorbi, 0111. 1, 1.

- 1111,-11,11 l) sulphur (1111111111, Sam. 111 111 111 gem 111111
nilne 11111111, 111111111111, 11111 domum 11111111111111, 1111111111 11
1111111111 sulphure (1111111111) impletam, Coedm. 1, 18. 1) mom
111111111111 1111111, aeternum 11111111ίοί1111, 11111. 111, 11. hello·
1111. qr. 11. lui ungnendfldnn 111111, Nouoi. 1111111111, ulnam!
11111 111,1.1.111111, uqi 11111. 1111, 1111111111, [11111111 111111
1111111111111. ·

11111111,-11,11. 1111 cruciatuum, 11111111, 61111. 111, 1.

111111,11]. 1111111111, 1111111111.

1111110111 1111111), 1111111111, 011. 11111. 117, 11.
111111,Ᾰ’1[1·. 11. som. 11,1111 neuster.

Sy (τ. 9111111, sa, sai).
oydlmn, 111111. 11, 1. 1111 111.
tyran, 0111. 1, 1111111111.
melin, 1113111111 euml 1111 sum.
111111, vido 111111.
111111111111, vide algolbvema.
”⁶⁸71 (syn, 1. a. 11111), -11, 11111, conus, 111111, 1111. 1111.
111, 1111 11111.
1111, 1111111 (l) 111. 11111111, 11111.
1111, 1111111. 181, 8. 1. 111111.

 

