131113311131113133111133133.11113111333113131 soom 1131

13 3331333113111 331333,.1311.7, 17. 31131331113313131,311313111133133
robore, 1131113178 13.131111133,31133 3111331, 33333113311133311131313,
11111. sm. 477, 13. ongen 11133 311133, 3113313113 seipsum, 1111113326.
33133311 11131 31111113, opud 33,.1311. 6, 61. 3131 333 31113, super 333 ipsos,
113 33313 113311, 1111323, 13. 1111111111, 1311111,11331. plerumque 11311-
113113313 3111313113 formos 13111311 pronomen 3111 hoc 311311133113113 po-
1113111113 33113 333113, Coedm. 3,13. 33 pam 311133 1331113, 1111113111. 331,
3. 33 33313 311133 3111131313 1333 nocte, Be‘o. 831. 333, 33. sed etiam:
33 331133 3311, 01311111.3,11. 33131 11331 3111313 3311131331111131331-

133,1111.8111.473,13. 33311, 333113,11111.1,3 0131111. 263, 7. oolla.
311311, 311311, 31131. theod. 311133, 33131, 33133 31 331311, 331311, 3313113.

,ἶηῖξῇωεῐῗῖᾏω m. qm 31131333 carne 1111131131, Andr. 173. Q
31113313,-33, 133133333311131 3113313113 1311311131,11 Med 3

331133313-33, m. 3313113, Cot. 26. ἰ , .
” 331133313),-33,311.1111311111, 113313. (la ¹-·'··¹· ·· ·
‚ ,3111311 31111 31311,11.11311.1. s

3111131111. 3111331333,1133111.111331. 131.

31111133, odo. 3111 amanter, 113313.

3111113113ςμ3, f. 3111311131, 1133111. 3, 4.

3)’1131,31113,-33,111. 31113113, 113313.

sylsmyrorung, -3,Γ.311131111113, 113313.

3111333313, adj, o semetipso formatus? 3111 11131113 33131131331111131
141331, 1131 113 33 331133 3111, 3311333313 guma, 1131111333, 23.

κ,31113111-33, m. 331331333133113,1133111. 11, 1.

3111111133, odo. obstinate, libenter, 11113. 13, 311313. 4, 18.
331131113313,3311. 3313313111, Ρ3. 67, 11. 11.

311131 (3331131, 331131), -33, 11. argentum, 1133111. 38, 4. 11331333-11333111
113 3331131, ’.Μ3111 11,3.131331333133111133333311133,3113111391311
313113193311, 11311.13,16. 1313311331, 11. 333. 3113331. 1113311. 311331.
11133313131. ·

33311313333133 (11331331), adj. 3113111313 13111313 3311111113, 111111.
1331111111.

33311313113111. 1113311133 3331113313311133, 1111131. 1131. Mon.

3331131131, -,33 11. 33131933131113, 1111. 4,1. ἡ · ⁷

„„ 333113133111, -,33 1114333131111113113, 11. 81.

3111133 (33311133, 31113111, 0111311. 13331113. 177), 1111311331111313113
3133331111333311131,3113133 11131131 scyphum oroeoteom, 11311. 41,3.
31111333 1311333311 1111111133, 1133111. 33,1.

31111131, os, 111. 3113113113 3113313113, Gen. 13, 22.

3111311113 (-13, -3111, 11113313 obducere: 13111113131331113 3311131113, som.
besilsrjoo, oroeoto 33133311 .· 3331111311, 113313.

313131111133,111131113 31133113, Post. 37, 4.

111133, 31113 331133 (331133).

11113313, -31, 11. selandia, 11133 1, 1.

111113, 3111133, 31113 3111113.

1131131111 (sam, 31131111, 333133), 13113313. cf. 3133383331 31 3313.

»111113,-33,111.31113111111111 3331 1113 hema 111 1131311 (1. 31111331) 13331-

131, 1111 133113333111313311313111311111 11131113, 033131. 17, 13. ooo.
3113, 133113, 1133113113,Ι 11331. 311331, 311313, 3113131 13131131133113111.
*uo-jn, 3113133 (odo, -111, 111 3111311111 3133 ,· 3133133133311111133131

 

