1 1111111111 inc. 11111111111111. 1111. 11011. 11119. 1111010. iis

1111111111111, -11,11.1 11191111, 11191111, 11. 11.
11111111, -11, 11.1111111111111,111111111,11. 11.
1111111111, -11, 1111111111 111111, Bonna.
,1111111 (1111111, 11111, 11111), -11, 11. enain, 911111119111 1991111111),
111111. 10, 0. 08, 7. 111111, 18. 1111111011. 9111. 11111111
111111. 111111.
11111101111, -1111,111.11.11111 enne 11111, Heia. 1181.
11111111111111, 91111911111111111111111, 01111111. 00, 1.
1111111111, -11, 11.11111[11,011. 100. 111191. Sam. 01.
111111111111, -an, 11111 11111111, 1111111111, 111111.1911.
Ν11111119111119, -11,11. 11119111, proelium, 11111111. 210.
1111111101, -111,111. 9111 1111111111, 11. 11111111. 11. 111111111-
vager.
1111110οό111, -111,111.911111111119111, 111111. Tim. ρ. 191. nat.
nveordvigenae, 911111911111111111 (111111911111111, 0111111119.
81111111111, -11, 11191111. 0111111111 Vide. 01.
11111111911111, 911191111111119111111, 0111111. 191, 11.
9111111101, pari. 1111111111111,,Ϊ1Ῐ1.91. 11.

1111111, -1, Γ. 111111 1111111, 011. 10, 100.

1111111,-11,111. 1111111111, 11119111, 11. 011. 18. af: (1111111111111111.
1111111111 1-0111, -111),1111111111111111111111111, Sam.

1111131111. 911111, Baeti. 1111111. 111. 111911, 111111, Maii. 11,10. 011.
01. 1111111, Ρ1. 1, 1. 011. 181. 111111.111111,91·1111,· 9111111111,Ι
nonestus, 1111111111.

Α... 11111111, 11111.91111111,111111, Vil. 8110.

1111111011, aij. 1111111,11111911111111. ’

11111011111, -1, f. 1111191111, pusillanimitas, Pani. 10. Ρ1, 01, 8. 11.

11111911, -1, Γ. 91111111, 111111, Num. 11, 11. torpor, 1111111111,
01111. 10, 1.

avar (1111111111), -11, nn? 1111111111 ni blm 11111111 bonan gehlden

11011111, 1111111111 1111, 111111. 199,1. 111111. 11111, 111111,1111111111.
1111111111 (lia, 1111), 1119111111 11111111111111111111111101 111-
reite, 11111. 0111001, 11.
1111111111, suspirare, 111111.
111111111111, aij. anhelanti 11111111, 011 18. Sani.
svorelung (1111111119), -1, Γ. suspiratio, 1111111111, Bia. San. 090,
11. 111, 11.

11111311 (lde, ·ii), 1111111111, 011. 10. cf. 11111, aad 1111111 11111-
111, 1111. 11 1111111111111 11111111111119111111 111.

Julian t-ide, -011, 1111111111,1111111111 tim, 011111. saa. 1111. 111111-

anna.

natjan, 11111 1110111111.

8111 (= 91111 1111, avi).
mim-aide nvigjnn. 11. 1111118000111.
00110011(111111,1111111,1111111), 11111111. cf. snohcnri. 111111.
11111111.
inveniann (1111111, 111),11111111.
1111111111, 1111111111, 011111. 10.
111111111111, -1, Ι. 19111111, saint. 11.

 

