111119911111111111. 1191. 1113. 1191119111. ’191

3111111111, 111111111111111111111111, 11111. ur. 99. 1²³. 9,1.1,.

1111111111, 11111ῇ11, 1111111111111, 11111111, 111111. 111111.
1191115111, 1111111111 1-111, -19),11111·11111. 111111111111111111, 9111.

1119111111, 9111111111, exstirpare, eradicare, 111111. cf. 1111111111.

111111, -11,11.111)11111 11 1111111111 11111, 111111. 19, 1. 1111111 11111 11
1111111111, 01111. 199, 19. 11111111 111111 11111, 1111199. regn-
11911111119111111111311, 11111921. 1111. 1111111 111111.1111111;
suec. 11111111, 1,· dau. 1111111.

1191111111111,-11,11.1111111111 uapor, Pu. 19, ’1.
1191111, 111111111111111, 11111. 1, 9. 1111. nup. 99.

augeli, adj. clarus 11111 1111111111,111111111, sonorus: 191 1111111111
1111111111111111111, 11191. 1191. 11111 11111 11111111111111111111111
1111111111, 1111111. 191, 99. gustus 11111111,191111119111111111111 11111
orsum.- aeglea, 1. 1. 11111) 11111111, 1111111111 11111 1119111111 111111,
Andr. 919. cs. 9111111111 ud 1111111111. 199. 1111. 11111911, &ulum
uulgujun, 9711119111 (sed 111111 119111111111111111),Ι 11111. 1111111111,
Mu, 191111 1111. 1111111, 11919111 111111111111911111191.

*² m'egel, -11,1. 11111111, 1111111 1111111 11911, 011111. 999, 97. 1111111
111111, 9111111.199,17. 1111111 11111, 91111111. 199, 19. geseven
under 111111, 9111111111. 191, 9. {nonne 111 11111 191 1111111111
1111111111111 111111) 111111, 011. Euan. 99,19. anso 1111111 11

1191111911, -11,11.11111111111, ouum. 1, 19. flul? ‘2123' ¹

119111111111, 11).111111111111111111111, 911. 11111. 171, 99.

119111111111μ1111. 111 11111, Coedm. 199, 99.

1111111111, -11,11.111111111111, 011111. 191, 19.

119111111111,-11,111. 111111 11111, 01111111. 179,19. “3
-·- 11911111111,-11,11. 11111191111111111, 11191. 1991. ’

1191111111, adj. clarus 111111111111, Caedm. 9, 99. 9, 97.

1111111, -11, f. 11111111, calamus 11111, 111111, 11111111. 11111. 1111-
111111.

1111111111, -11, u· 1111, Sum.

1111111111, -1, s. 111111 cursus, modulatio, 111111 (919, 29).

11113111-911, -91), praeualere: 11111911, praevaluit, Pe. 91, 7. 111119-
111 1111 91, 1111111111111111111 1111, Ps. 91, 9. 1111111111 11119111.

1111111ῤ11,1111111111, 1119. sm. 999, 21.

119111(119111), -1, 1111111111 geseuh 11 111 111111, 11111. 9, 11. 11191
1111111111, 11111. 19, 99. 1111. 11111191 11111. 1111111. cf. 11111.

119111, -11,111.1111111, 11. 9. cl'. 11111, 9111111111.

mmm, 1111111999 (111111, 11111111, 11111111), 1111111111, deuorare,
cauum. 1) cum 1111 1111 1111119 (111111111191) 1111, qui devorat
(1111111111) plebem, Ps. 119. 111119 111111 1111 11111911 1111111, sva
uvilgu 1191111111, 111111. 19. 11111911111111111, 111111. 99, 1. 11111-
11115111 111111 111111 on 11111111, 1111 11111 1111111111 devoraret 91
1111111111 , 11191. 1117. 9) cum 1111111111.(111.).·1191111111119111111,
11111111111111 11111111, 011111. 91, 19. 111111 11191 111111 11919, (lud.
Euon- 911, 99. 1191 11111111 11111, 1111111111 1111111, 11191. 1179. 1111-
utrcum- 11111111 1111119, cuam. 79, 91. 1111111111919 111111 peu 1111-
«ingentu, 01111. 99, 19. 111111. 1111111111,1111111.

ι( 1111191111 (1111111111, 111), deuorare, leg 11111 1111111111, 11191. 1999.

noenu 1111111111, 9111. 1199.

 

