212 1111111111 imperem. 1111111111-111111. mic.

gemmea, 1111. impera. 111111 111111111111111. 11111111111111111,
011111 220, 10.
metefinffleg 1111111111, metere, 111111,11111111,1111111, 111100, 1111111, 11111
11ἔ1111111, 11111111111, 11111111,1111 11 trum.

Meo (= qotle. mi).
neodem, 1111111111,11111 111111.
11111111,11111111111, 11111111111, vide 11111.
1111113111, 111111111111 1111110111.
..1111111 1111 1111111.

11111111, 11111 11111111
11111111, 111111 (1111111 111111, 111111. 10, 8. 0. vel 111111, 111111.1,12. 0.),

-e, fl? praemunt, solu. 4, 81. 11. 111111. 1, 12. R. 1111 pe 1111111 1111 god,
1111111 111 1101 111111, Andr. 211. 1111111111. 11111. μισθός.

11111113, vide ΜΕΒΔΝ.

ΜΕΟΒΝΑΝ, vide MURNAN.

1111101, 111111111111, 1111118711.

xmeovle (1111111111 1111111), -11, 1111111111, 11111, 01111111. 71, 11. 211, 17.
1111.11111,111111111;1111111, κοράσιον. 111. 1111. ef. 1111311111 uim
et 111111 sub 1111.

’111111 11111111111,1111 moen.

Mi (= 1111 mi).
micel ( ,1111111, Ρ11111.18,1.),111]. 1111111111, 1111111, 11. 111111. 28,
88. . 11, 10. 111111. 4, 21. 8,1. 1111111Μ11441111. mihil, mihhi13
111. 11111111 111. 11111111 1111. 1111111, 11111111, 11111111, 1111111.111111; 111111.
11111111111111111, 1111111111.111111111.- 0111111111.11111,111111(1111.111111) ¹
,θ1111111111111111 (11111. 1111111) ; 111. 1111111, 1111111111. merto, 1111115
11111111111111111111111111111111. 1111. 11 11111111, 1111111111. 11111-
geet = moest, 811111. 8111. 1047. ’
11111111 (dat), 1111. 1111111111, 1111111,11111, 111111.
1111111111, adj. 1111111111, immensus, 0111. 1,. 7.
111111111111,11111.11111111 1111111 praedem, 111111.
...- 111111111, 11].11111111111111, 11111. 1, 20.
1111111111, 11111111111111, 1111.
11111111111111111111),-1,1.1111111111, Ρ1111111. 81, 18. Num. 14,18.
multitudo, 1111111111, Luc. 2, 18. Gen. 87, 28.

Ἀ

1111111111111, -1,1. 1111111111, scene. 12.
11111111111111, part. 1111111111111, Ρ11111. 12, 8. 1,.

1111111 (micio, myole), 1111. 1111111111. 10111 111111 aer, Bed. 4, 28. bam
111111 111, 11111111 11111111, 1111111. 0, 80. 1111. 1111111111 1111111. 1111111111.
-11111111 111, 111115 1111111. 11111.

1111111111 (ede, -11, 11 -111, -011) 1) madescere, 1111111. 1111111111-
gan 11111111,111’1.1,11. 1111 1111111111, 01111111. 71, 21. 2) 1111111. 1111
man myolede 1111 1111111111, L. 111 ord. 11111. 11111. 1111111111, 11111111
mikilnan, 1111111.

gentiacum, 1111111, 0111.1,2. 1111111101, 1. 1111111111. ge-
micljee hine, Ρ11111. 22, 22. 10, 18.
11111111 (melana), -1,1. 1111111111, 111111.
1111111111, -1, s. 111111111111111, 8111111. 11, 21. ue, 1.

 

