18818118188118181111111111. 1188811888. 888

Qu, m. 8111811118, 11111111. 888. iim. 1881. 188. 11. 81-

.,

8881111188,-81, 81. 1111188118 1811118111, 68118888. 118, 7.
1888118118, -88, 81. consideratio, providentia, 118118.
188818881188,8118. 88811111811, Sem. ,1,11,

Λ811888,-88,81.1. 8118111888. 8, 18. g 11 8111881888.) 11111118.
18. heora 1811888118, 1811. 8, 17. ἐμή Plan& ‘fisi
.. ingelmne', -88, 81. 81181, 8811111118, Boe 88,8ἦ]1ὶι’111)1.”ᾭ’
1181811888-88, 81. 111818 18118118, (3.11. 1118. 8.
ffatim, -81, 81. 88181111, 0111181. 188, 8. 8111811118. 8, 8. caim.
888, 18. oramina, 111811. 8, 18. 111111. 11, 1.
8111888881 8 -88,81.8118118188188, leue.
88118 , -81, 18.1811811111118,181111111181, 18818811181, 1111881, 88.
111111,1.
κ- 1181188888 (8181188111, Exivi. 11, 8.
1818811888, -88, 81. circumspectio, Pati. 88, 1.

1188811111, 8111. 1811818181, 118118. 8818181111, 081. 8118. 18. 1181111,
8881181111, 1118811818, 88. 11. 118. efficax, 081. hun. 18. 1118-
111111, Coi. 188.

8818881811, 8111. 1111181111, 18188, 88.

88818818118888,-8,1. 1811881818, Sam.
118811818818, pari. 11111111, 11188. 8188.
118881881188(-118,-188), 88811111811.

181888881188, 88811811811, caim. 118, 8.

1888881881, -8, 1. deliberatio, 11111. 881. 187, 88.

11888188188111. acceptabilis, 1181111, 1181111. 88. , ,

11888ῖῖ1811,811.1181111, 11111. 811. 818, 18. 8188188811, 11111. 188.

fl υἰ1ῖιῖ8111118, adj. inaniens, 1181. 111181, 8.

18881118888111. 118181, 8818.

188811111188, 8118111811, 1181811111, 1811. 8, 11.

1888111811881, aio. 11811, 11111. Sin. 888, 8.

1188818111, -81, 8. 1181181881 verium, 11111. 871.

11888188 (·8118, -8111, 1181181 affere.- 8881881118 11118188 11888188 1188
181881, 0111118.17,18. goie 1188881111, 11818. 8, 8. 1181818111 1>ss
11888188 1181818 18181118, qui 118111881111· ie 818111 81111, 111. 81, 88
111811. 1881188.

1811888188, 1181181 caere, 8. 1111811. 7.

11888881,-1,1. qraiiarum 88118, 11111881. 811, 81. 888, 18.

1188811 (11888111), 8111. 8111118118, 1118111111, 118118.

1888188881, 8111. providus, 11811. 11, 8.

χ1811811881,11111111111181,11118. 1, 81. 11.

, 1188881818,811.11188111111 881188, 8811181, coin. 188, 81. 88111. 118181.
ἕξεξῧ, 1888881ζ hie, Ji, 1111181118, 11811,1811111181 quoqne,

iia 181 1 ,88 11811811, 1181118. 81. 18111. 1881113Με111.
118118), 88111811, 11111111, considerare. 8881118. 1118 8, 81. 88 pei?
&uinea 118111, 1111118, 81. 111111 888. 18 88 mig 11188 11181 he

118881, noeti. 88, 1. 18111118μ81111 ‘'fin'scw'iff' 8. 178, 7.
887, 8. 1811.118111188·Ηὶῗῖ11“88811188. '‘ '¹‘ ¹
. ae—-iionoem reem, 18.
8818888811, considerare, 11118. 18,17. Ἰ m

 

