..Ἦ-η .

1811111111111111111111111111 111-111. 11. ³³³

1111, 1111 11111.

³³¹¹ 11 compunta, 1111 1111.

11111, 1111111,1111 111111.

111 (1111), 1811188, 81111. 811. 188,18.111111111ι.

11511, 1111 111.

1111 1181111),-11,1ι. 111111, 11111, cot. 118.

mk, 111111, 111111, 11111111111 11111, 111111, 111111, 1111111.

mh, 1111 1111111 11 111111 1111111.

11811111811111111111.181,11111111111ι.

m, 1111 11111, 111 cf. 111111 1111111111.

ιμΙιοΙ (11111), -11, ιι.1111111111,1111111,1111111111,ἵ.11111,11.8,8.
111 1111111811, 1181..81ι.181,88. 11111811 11111111, 1111811.
881, 87. 1111111811111111111,1111.887,7. 111 111 11111 11111 ge-
1111 111111, 1111111111111, 111 111 111 18111, 11111111 1111111111 1111111-
11 1111, neque 1111 maye 11111111111111111,111 11 me devorarent, 11
111111111111111 111111 fundo, 8111. 1188. 111. 1111811, 11111111,
11111111, 1111111111 111111,11111111,111.

1111811811, -11, m. 1111 11111111, 111111. 88,1.
1111811811, -11, ιι. 11111111111111,1.11.88, 18. G. 11.
11181111, -1, 1111111111 11111111, 13111. 88, ³³.
1111111111, adj. 111111111111111, 01111111, 18. 188, 81.

1118111111 (1111111111, 18111811, 8.), -1, l. 111111111111111111111 1181-
1111111111111111111111111, 1181. 811. 181, 18. 8111,88.

1111111111 (-ι)11,-11), 1111111111 11111111111111111, Pe. 87, 8. c. 111
lay 8111111111111811111, quum 1111111 111111 11111111, 1811. 811.
881, ³³.

111111, 11111, 1111 simle 1111 8111118.

111 et 1111111111, 1111111, 111111, 1111811818.

1111111111, 1111111111, 1111111111, 11111111, 1111111, 1111818111.

11111111, 1111111111, 111111111111, 1111111111.

1111111118181111.

me, 1111 sum.

11111,1111 11111.

11111,1111111118, syra, 111111, ayt-³³³3, 1111111111.

m, 11111111, 1111 111.

11111, 111111, 1111 111.

1111811,1.1. 111111 1-111, ·11),·1111111111111111111 11111111 1111111
111111111111 1111111 1111 11111111111 1111131111 11111,111111·111·11111·
111 1111111111 111111,11111111 Mamm 1111111 111111 11111111
111111 1111111 commentorum, 11111 111111 1111111 11111111111111, 18111.
88111. cf. ηψπ. em 111111111111111 111111 111111 11111111, 11111 1111111
1111. 111111, χορτάζειν, neque 111111, 11ἡ1111,1111111111 111111.

Sae (= 1111. 11, mii).

11 (181, 111111. 111111. p. 1³³. pen. 111. 1111, 8111111, 88. 1181, 11111.
18, 1. 111, 11111. 18, 1.), 11111. 11111, fretum.- 1) 11. 111111111111
1111111 1111111111 (11,11). -on ³³³ 1111 111111 (181). 1111118111
1111111,1ι11111111111111111118111, 88188. 8111111111) -1ιι me,
011.111111.118,18.118ι·111 111, 711, ’.18 81 11111 11111111,·.81111ι
188,8. 1111111111,11111.1888.8111 111 1111111,·811’11111111111

11 1111111111 1111111111 cyning, ³m⁶³o³ 1118111 111111 1111 111111

 

