111 rom a aquia.. 111111 111 11.

χ11111(11111,1111),111.11111111111111111.11111111111,11111,·.Ι 11111. 1,1.

“111111111,-1,)ῖ 11111111,1111.1,11.
111111111, -1,1. 1111111111,1’11111.11,1.
1111111111, -1, Ι. 11111111111111111. 11, 1.

““ 11111 (1111), .·11, n. 1) 111. 11111111 11111, and 11111111111111111,
1111. 1, 1. 1) 111111. 1111111111 11111, 11111111 1111111111 dages
11111111, 111111111111111111 1111111111 11111111, 1111. 1, 14. 1)
111111111111. 11111111,1.11.1,1.

-κ 1111111111,111. lucidus, 6111111. cod. 11111. 119, 11.
11111111111,-11,11. lucifer, 1111. 11, 11.
111111111111, part. 1111111, 01111. 181, 1.

““ 11111111, -11, 1111111111111, 111111. 1, 11. 1, 11. 111. 1, 11.

·· -1111111111, -11,1’1 11111111111, 111111. 11, 11. ’,1,11. 81, 1.

111111111111 (111111), -11, 11. tributum 111 11111111111111, 1..
01111111. 11. 1111. 111111 111. 1111111111.

1111111111, -11, 1. candelabrum, 11111. 1, 11. c.

1111111111-11,11. 1111111111 pro 11111111111111, 711111. par. 4, l·

wloffitan, 111111 (111111, 111111 1111111, 111111), lucere. 11111111 1111
1111111111,.111.1, 1. 11 11111111, 011111. 111, 11. 11 11111 1111
11 1111, 111111. 11. - 11111 1111111111 scribitur.

1111111,11111111111. 111111111111111111, 1111. 1, 11.
111111111Μ1, 1111111111.1,11.11.1111 111. 1111111
1111111111, 111111. 11.
11111111,11111111111.111111 11111111111,011.Ε111.118,1.
1111111111,111111 111111111111, 111111. 1. 111.
omnmo, 11111111, 1) illuminare, 11111. 111111. 111, 8. cum
aut. 111111111111 11 11 11111111, 11111, 19. 1111111111111
callum, 111111. 1,11. 1111 1111111111 111111 man, 111. 1, 9.
111111 1111111, 11111. 1, 8. 1) 111111,111111111. 111 1111111
1111111111, 11111. 1, 11.
1111111111, illuminare, 11111. praef.
11111111 (1111111), -1,1. 1) 11111111,1111.1,11. 1) 111111. mid
11111111 11111111, chron. 311. 1111.
11111111, -1,1. illuminatio, Psalm. 11,1.
1111111, -1,1. acuminum, 1111111119, 11.

., 1111 (1111, 111,111; male 111111 111), ·11, m. flamma, 01111. 1, 11.
1111111111111111, 11111. 1, 11. 1111111 1111, mod. 1, 1. 11111
11111, 011111. 11,11. 111111 gemonigrealdaff, 1111111 multiplicat,
1111. 4, 1. 1111111111. (11111). 1111111111, lonc.

1111111111, part. 1111111111, cot. 81.
11111111, -11, 11.111111111111111111, 11111. 1111.
11111111, -11, m. terror 11111, 11111. 1111.
1111111111 (111111111111), 11111111111111, Sum.
111111,-11,1.1111111, 01111181, 18.
111111, -11, 1111111,1111111.18,11. 11. 1111 11111111 vocem
1111111,-11,11.Ῑ11111,111.11,11.
1111111111, -1,1. 1111111111, 1111111 18, 11. 11.
11111, ·1,1’. 11111 unda, 11111. 1111.
1111111, -11,1. 11111111 vie, 11111111, cod. 1111. 111, 1.
. 1111111111),111.1111111, somn. 11. 11111111. 11.
1111101111, 11111),11111111111. 11111 1111 11111111, 1111111111 11
ils cupiditates, ooeam. 11, 1.

 

