Voces 1 1111111111 1111111111. hii. 611. hii. heg. - hem. 166

661111,-11,111.11111111, 0111111. Sam. 1661. 1111111. habe.
hiienblaeie 1611111), -11, 11. accipiter? 1111111.
6111111111 (-6111, 611), 11111111 1111111, 11161. 6116. 1111111. 61611161.
6111111111 -111,-111],11111111111, Ᾰ111.11.66.Ρε.66,6.
11611,-.11,8111.1111116111111,11111.111.61.111111111111,Ρ166,6. 0111111666,
6111. bor 61111111 61111,11.1111111,· 1111111.6111,111.Γ. 1111111, 111-

culum.
6111111111, -11, m. 111111 11111111 prae aeffshv Betis. 2616.
1111111111(66111,11611111, contr. 61111),111111111,11111111, 11111111. 11,1. 111111.
6611,11111111,111111111, 0111111.162,26.11161. 1611.
6166111111, 11111111,1111111, 111111.
,1161111111 capiare, 1111111, Ps. 66, 21.
11 1111611111 (6111111111), )-1, Γ 1111111111
111666161111,- -1,1. 1111111111,Ρ1.126,6.11.
κ6661116111, -11,111. captivitas, 1111111. 111111. les.
6611111111 (611111),-11,11.1111111111111, Coi. 71.
hasting, -e, t'. possessio, Nicod. 27.
6611111,-1,1”. 11111111111, Claros. 8111. 11166.
6611111111 1-6111,-,1111) 11111111,1111111, Ρ1.66,6.
1116611111111, 11111111,11“11111,Ρ1.7,6. 1..
66111611 (-116111 11,-1111116),-11,11111111111, 6111166661111. 6111.
1116611111.
6611111111, -1,[. 1111111, 111. 16, 11. 61, 16.
6111111111, -11, 11. 1111111111, 1111. 21, 61.
661,-11,111.11111111111111111,11.7.1111111126. 611.6611;1111111.61111.
6616111611,- -,1 f. 11611, 611111, 11111· 11111666611111111111111611.
661,-11,111.111111111,11111111111.1111116611.
1111161,-11,11ι”ῖ11“1111111
61661111, 1111· 1111111111111, Bia. 6, 6. 1111.16,1. 16111. 6161166-
116, praesumptibilis.
behssjan (-6111, -611), 1111111111, 111116 61661111 1111661111,111111.1,
26. 11616611166111111,11111.6, 6. (3.11. 61661161111111 1111111- ·
111111111111111, 1111111111. 11111 est, 111111116111111111. 16111. 61-
611661.
61661111, adj. exstructus. 1111 11111 111111111111111116611111, 1..
'x 11111111. 6.
616611 ,11113 11111111111, 11111. 11, 66.
616111, -.11,111 1111111111,61111.
666111,-11,111.11611,11111111111111116111611111111611.11. nasim.
hege, hegjau‚ bagms, 61111111111166111.
hell (= 6111), 6111111, 11111 11116611.
1111111, -11, 111. Hercules, 011. 16, 176.
61111, 61111111, 6116111611111111166611.
6111, vide 11116611.
61111611, viis 61111.
61111111, vide 11116161.
scursa, he1r5nsg, 1111 1111111.
1111111111 (1111111111), -11, 111. 11111111111111. Bais. 6616. 11. mm.
heum (6111),-11,11.11111111, 11. 66. 1111161111.
somiein, -11, 111. 111111, 11. 16.

1111111111, Ι11, 111. pero, 1211. 166.

 

