We 111. 111. 111. scrib. 11111. 111111111111111111111-1011111. 1111

1111111111 (-11,·11),1111111,1111. 11, n. C. ’
mir, 1111111111, 111111111111118011611111.

soy [311111. 1111111111.
11111, 1111111, 1111 scum.
11111111, 1111 1111 1111 scuvAN.

111111, 1111 scene.
seyr, 1111 1111, 11.

’,1111111111 11111 1111 8131161111.

, 8111, 11111 (= 11111 11111.

ι11111111(1111111ει11111111), -1, Γ. 1-11, 111) 1111111, som. 111. 1111111111

. er. somam, 1111111111 11111.

mn, -11, 11. (1111. 1111111) 1111111111 geom! 111 11111 111111, (11111. 111.
11111111 111111, 011111. m, 11. 1111111111 1111 on 1111111111, 1111. 1,

, 2. 11111, 011111. 111, 81. 111111, Cot. 11. 111111111111111111.
1111111 11111111111111111 111111, 1111111111 1111111111 1111111 111111- .
1111111111. 111111 1111111801111111 (11111, 1111111, 11111111), 11111111.

wipo, 1111. 111111, q. 1.

urens, 1111111111.

81111- 1111 akra).
11111, 1111 11111.
1111111111, 1111 scamma.
11111111, 1111111111111,1111 scamma.

51181111 (= 11111 skri).
nomm, scmeAN (11111, 11111111, 11111111), scalpere, radere, som.
1111111111, 11111. 1111111111, uc. 11, 11. 11. 111111111111111, 11111111.
1111111111,111111111(111111,111.), scalpere (1, 1111111111, coe. 71. ,
1111111111111111111, 111),11111111, 111111, Bm. ’
1111111, -111, Γ. 11111111111111111, 1111.
11111111, adj. 1111111111,1.111. 11, 81. C.
11111111 (1111111111 1111111111) 1-11, 11), 11111111,11111111, Marc.
1, 18. B. 11111. 1111111111 111111111111, 11111111, 11111111.
1111111111 (1111111111 1111111111), 1111111, cot. 71.

scri 1.-..11111 scri).
11111, -11, 11. 11111111, 11. 11. cot. 111. 1111. 11. 11. 111111. 1111111 1111.
11111. ct. 111. 1111111111, mula 1111.

„m 1111111911111111, amanam, 11111111, oue 11111111.
mir, 11111, 1111111111.

11111111, -111, s. 111111111111. 11111. 111111, 111111 11111111,Ι 11111111, 111·-

11111111 11111, 1111111, 1111111 (111, 11).

8111111111, -11, 111. 111111, 1111111111, 111111. 1. 1. 11111111111111.
1111111111, vulneratus.

801111111111 (11111111, 1111111111,1111111111),11111111, 1111111111, 11111.
11. 11111.111111111,1111111, 11111111,· 11111111, 11.11111111111,· 11111111-
11, strepere 111111. Sed 11111 111111. 1111111111,111111,· 1111111111, 111-
111· 11111111 bor. 1111111, 1111111 1111111111 1111111,111111111111111,·

 

