Vocet a 1111111111· temptantes. 11111 byn. 11111. 11111.

1111111111. 11111111, cot. 11.

1111311 (-111,·11),11111111111, Cot. 11. (111, 11].

11111111 (-111, -11), crepitare, 11111111 1111111131· (t. 11111111
cedn- 111,11. 11111111111111,1111111 crepuit, 11111. 1111. t*
111111111111111, 1111. 1111111111111111, 1111111111,111111111, tet
111 teau-r.

tipunjan (-111,-11),11111·1, Cot. t.

1111111111, -1,1. 1111111111, strepitvs, t'ot. 11. 11111111, Son.

1111111,-11,11. 11111111,111111. 11,11. 11111111 111111, 1111111111
111111.1,11. 1111111 11111,1)1.11,1. 1. 111111 pum, mit,
t. Jupiter: Punree dig, 1111111111, 11111. 11, 11. 111111. Pam
1111111, 1111111 111111, cot 111. 111111111111. tor. bert. 111111
11111. 11111. 111111,11111111, 1111111111.

1111111111, -11, 111. 11111111 1111111,Ᾱ1Ι1·. 11. 118111.

11111111, -1,Ῑ. 1111111111 111111 1111111,1111 111 1111111111 gent
111, 1111111. 1,11. pt 1111111111 11111111, 11111111 11111111,
111111. 11, 11. 11111 111111 1111111111 iture, 1 voce 11111111 11,
Ρ1.111,1.

11111111111111111111111),-11, 11. 11111111111111, Son.

1111111111, -1, Ι. 1111111 111111, 11111 em (pu-u), ut. net
1,11.

1111111111,11111ἠ11 (-111,-11), tome: 1111111111, noeti. 11, 1. 11-
111111,1111111111, 111. 11, 11. T.

1111111111,-1, 1111111111, 11111. See. (111. p. 111, 11.

bynna, 11]. 11111111 1111111111 11111 111111, 11111111 1111111 mu, m
111. 111, 11. 11111 1111111 111111111111, 11111 1111111 cespiti 11111111,
11111. 11111. 111, 11. 11111111, Bia. Set. 111,11. 111111. dunt.

111111111,111,1. 11111111 propter 1111111111, 1111111111, 1111.

11111111, -1,Ῑ. 1111111111 pyum gentitis, 1111111111 11111111, ueri.
11, 1.

micion, 11111111111111 textus, 1111111111, 1111. 111.

1111111111(·111,-11), 1111111111, 81111. (1111111111111111 scribitur).

1111111111, 1111111111, 1111111.

1111111511, 1111111111, attenuere, 111111. 1, 1.

1111111111, -1, s. attenuatio, 1111111111, Son.

1111111(111111111),11111. macilentus, 11. 11. 1111. 11. Soet. 11.

1111111111 (1111111111), -11, 1. tenpore 1111111111 11111 11111 11111111-
vongum 11111111, 11 11111111 1111111111 temporum 11111, 111. 111,1,1
111111. 111111111ςί, 1. 1111111111, Ι. 111111 111111. 1111111311 11111, 111.
dunum derivationem 1111111111 1111111.

*mucan (1111, punem, 11111111), putare. 11 1111111111 11 11111111 11111111.

1111. 11 1 1111111νῖ21 1111111 11 11111111.
1111 Quae), -eq, 1111111111, arbitrium, 1111111111, ’111 11

111111111111,1 eo 1111111 1111111111 erat, 1111. ,1. 11111111·
111 11111111, 1 111 1111111111 1111111111, 111111111ιή uem
11111111111111,111111111111111111111, Coedn. tt, 11. ute 11 itin
aentgno 11111, 111111 accipit 1111111 11111111 'remi 1111. 11, 1. lte
1111111111 11, 1111111111 1111, huc. 11, 11. 11111111 tue, mitet
eqit, 111111.11,11..111111111111111 111111111111111111,11111111(11
111111),111111111,111111,1111111, 011111.11,11.111,11. 11111. tut·

,1 1111111 ρ111111),-11,111.11[111111,11ἐ11111, 111. 111, 111. nm

“J''v'ie.

 

