188 8811888188 1118. 88111111.-8111881111.-81111.11811..-1181.8111.1111.

Ἇ81888,-8,1’.811888118188111118188,8818,188888.18818811.188.81888. 111111. ·
‘nam 8111111118 '3
1111111181ὤῖ8818111818,1188,1111.11.18.8. 811. 1811111. ·
881188, 81189811. 8811111111, 8888181181, B. 88118.1.81“.818888111. ,
8111181811 1-888, -881, 1181811. 81188888. 8111881, 8811118818, 88811111,11111“11,
8111118. .·3
8811188118, 881818, B. 11811. 88. 88888. 81881188,111818,818118118811. ³:
881118, 8111111118, 8111888188811111888118, 8811111188, 8888 88118881. ·
8111111811, 8888 8818118118.
stur, 8181 8111111811.
81118(888881“111),8118.9811. 811188, Cot. 888. Ᾰ8Γ1.18.88111.88. ef. 111
88818,81188188,· 8111111,818888.

stJ (z 18111 8111, sta).

etym», 1181 81111111.
881188, 811888, 881818, 8888 smum.

88188 (-- 1188818188 8811111111.

88188 (= 8111811), 8888 8811111118.

88111, 88111811, 8888 81111, 11111811.

8111881, 8888 8811111811.

88188, 8888 8811181118.

88118, 8888 81118.

811118, 88111811, 8811881188811118118118, 81111181, 8888 8881118818.
, 8811111811, 8888 8818611818.

88111188, 8888 8881118811.

styma, 8811111111, 8811111188, 1811811188, 8888 888118.

8118, 11888 88118811.

Stae (= 1111111. ste, 81811.
8188881, 8888 8818811.
11811 J= megel), 1118 81111111.
81811818, 8181111111, 1111118118, 11811111, vtae 81111111.
8818118, 81811811, 81811811, 88881118, 8188111111, 8818111181, 8888 81811.
81181, 8188 8181, 111188 1118181111.

318 (= 98111. 88111, sm).

1111111, 111111, 1181111111,818881111.111.

81811, -88, 111. 881181, 1881181 .· 8188 1111111111 8811118, 881188 8111181· 8811881111, Ml· 1
88, 2. 88 88118 11181 8811111811 188, 881188 1118888118 81118, 888881. 1818
1111188 88111188 1181 8111, Marc. 18, 1. 1111188, petra.- 18881888811·
111818 881818, 8811881881 rupem 811 8881118 8111181881, Ρ1. 118, 8. 118 lew
18181 88 818118, 8811888 1111118111 8 118818, 188. 77, 18. 8888881881, clm·
8118. 1188. 1188. 11888. 81811181 88888. 818111.

81111181, -8,1“. 8811881188, 81. 81. Cot. 88.

8181188818, -88, m. 1111181, 1118111 8811881881 8881188888, Cot. 1188.

81888818188,111118. 8888811111 11888118 (fructus), Cot. 111.

8881111111,-88, 11. 8811881188, marra, 088. 188.

ει8111088μ8111,11811188881111888118,1888881188.

3188111881· ·0‚s· 8818 1111188818,1888888188811,811111. 88111. 88.

8181811888,-81,81. 81111118,8811.111.8,81.88881 capricornus 181ἰ881
811111.

 

