000 1000000010. 11.-10. 010110 100. leg. 1010

101100 (1001001100), 0110 11100, eeu ef. 011000 101100.

10100110, 0011011110, 100.11,1. C. 11. cf. 101. dolie, 1000000, 001110,ιο
110, 01 11100, sed 011000 10001101. 01000110.

100, 101. 0100. ue. 0. aen· 0000. ue, 1. 0.

10000100 (-110,·101),010001000, 1011, 8. 11.

100 (-τ1001,100000000.100 100 ι- 100 100, 11 100 = 11 10· (41, 111

100 (ει 100), 0110 10000.

, 10000 (10000,10000, 10000, 10000, 100000,1000000),010.1010, 001011,
11110οᾟ10, 0000.1,1. 001 1000010 0000 00 10111000 00100 01100-
01000, Mare. 11, 1. 10 10000 0010,1110 1010 1011, 11011. 4, 11. 110001.
1. 0011010000, 110000000001111100,11011.11, 1. 00 naue 10 100000,
000111010111100, 110111, 11. 100.11,11. 1110000οο 00100, 1111 b·
0101000001, sudate. 11, 1. 10000 00101000 001Ιο 0001000, 11010. 111.
10000 011 00011 11 1100 10000, Beda. 141. 10000 up 100110 00 mg 01-
gon, 11010. 411. 10000 10 3001110 8111000 1010, 11010. 1111. 11001. 110-
0000, 10000; 100. 101000 0011. 101011, 10101, 10001100, 1001100. 11.
10000. 10010001. 00, 001, 111.

1000000001, 010001010101100, 110011. 111, 1.
1000, 1000001000100, 100001, 1000001, 0110 moure.

υ 1000000 (100000010001100010. 100000010,1000000 10, quum,
quotiescunque, 1000000 1011100000, quotiescunque 101 saeua 00001,

110011 18,1.11, 11, 1. ef. 10000 010011. 10001100,0100 010.
10000, 0110 10000, quod 0001101100.
10000, 100000, vide 10000.
1013010. 111, 11011. 11, 11. Marc. 4,1. 11. 0011. 100, luel. 01. 100.
1000, 010111, 101. 11, 11. 11. 1011. 10001, 1001.
10010 (101. 1,1.), 0110100010.
1001ςο01, 0101110000, Pe. 11, 1. Τ. ef. dacigena.
1000110 (buc. 11, 1. 11.), 0110 10100110 0111100110.
100000, 0110 muscum.
1000100011-01. 1100010 rem, 11011, 11.
mvn· (1010, 101000110000),10001000, 00101, Aequ. Vm. 11. cs. 1010
(ει 100) 001 ewen 01100. 11, Ι. tem 00011101 1010, n. 000100 qe-
11000, 0100001100, 0001110011 110001. 1000100, 100100, dueum cmm·
ee, tepescere, 10100000100100, madefecere.
110 (coner. 0100001011. (00011) 0000110100, 10001100, coe 111.
100100 (-010, -011,011000, madefacere, 11101. 1. 1. et. ‘opum
0001. 1000010100, 110011. 110001. ρ. 111.
11000 (-10, -01), conuenere. 0111001100100.
0111100, consumere.- 1010 00 0001010111οο 1101101010000, agn
0111010 vulgamus, 11010111, 11. cl. 100ιο110000.

ρκ110 (100, 1000), -00, 0. 10010000 0100100 11 0000000110 0010000, 01001·
00000 0000001000 0010001110 10010 (foeno), 1111, 100141, 11. 0111101
1010011, 1110. 114, 11. 11011. 8,1. G. 11. 110011011100101.

11011101, -0,1’. 10011 100010, Son.
100000 [100110 , 10011), tmere, 01001000 110 0111100001 110 01110110,
1010011, 11. 0000000 (000000) 100000, 10100118, 1. 001 viu 0101-

0000 10011, 00100. 111, 11. gerum 111100 0010000 100110, cun
1111, 1. 1100101100.

 

