111 V. 1 1111 inc. 111. 1111111111.11111111111111111111.

1111111111, adv. 1111111111, 11111.
gennem-duee, 11111. 11111111, 111111. 8. 11111.
1111111111, -1,1. 1111111111.
ς. 111111111111,-1,1.1111111111, solertia, Ps. 111, 11.
x 11111 (111111), -11, m. puer, 111111, Rea. 1, 8. cs. 11111, 11111.
1111111, -11, m. 1111111, 111111.
11111111,-11,111.1111111, 11111. 1, 11.
1111111111, -1,1. juventus, 1111111.
11111111, adj. puerilis, 1.. 1111111. 1.
11111111, 11111. sapient 11111111, 111111.

Cno, Gnu, Gny (= 11111. 1111.
01111111 (01111111), ·11, m. nom. 1111111. Bel. 8, 11.
1111111,11111111 (·111, -11)111111111,,1111111. 7, 7. 8. Luc. 11, 11.

111111111,11111111,111111.

1111111111011111111111.
111111, 1111111111 0111111111.
11111 ,-11, 11. 11111111111111. 111111. 1111111111 111111. 11111111.
1111111, 1111 (1111111111.

(111.

01111111 (11111, 1111111, 111111), noscere, 111111. 1111111111.
11111111 (1111111, 111 ), 1111111111, Bono.
ν 11111111111111111, 111.) ),11111111111 1111111. 11.

11111111(1111111,111.),1111111111,111111. 11111111. 11, 17.
11111111(1111111,111.,) 11111111111,111111.11,1.
οψυκ-Μ. 11111111, Nom.
1111111111, -1,1’. 11111111, 111111.
μ. 1111111, ·11, m? 1111111111, 1111111.
1111111111, adv. nominatim, 011111. Soa. 111.
111111111111, -1,1. 1111111111, Bono.

(1111.
11111111, 111140116111.

0111 (= 11111. kniu).
1111 (1111111111 (11111111.
1111111(11111,111111,111111),111111111111111111,1111111.11.
111.111111(11111, 111 ), 1111111111
1011111111(11111,111111,111111),11111111,1111111113 111111.1111“11,111111,
11111111111111111.111.111111(111111),1111111.11. 0111111111.
11111111 (1111111111), -1,1. 111111111111, 11111111111,.111111. 11
1111111 (111 1111111) (-111, -111),11111111, 1111111, 111111. 11. 111· ’
11, 11. 0. N. bor. 11111,11111111,111111111“. add. 11111111.
1111111111, 111111, 1111, 11.
1111111111, 111111111111. 1, 7. 1111. 1,11.
11111111, -11,111.111111111, 81111.
111111,-11,111.1111111,Ᾱ111.11.11.
11111111(-111,-,11) 11111111, 111111.
11111111, 111111 (11111, emon, 111111), 11111111, 111111111111111.

cs 111.111111111111),111111, 111111.

 

*-

