κ·-

i
“·Ι

111 11111119. 1111. 1111111. 111111.-11111.11ορ.-111111111.111111111.

1111111111 (-11, -111,111111111’1,111111.
1111111,-11,111.1111·1111 11111111, 1111111. theod. drung.
mmmmm, 1111111111,1111111111),11111111,1111111111·1.· 11111111 111111
11111111 1111111111 1111111111, 011. 1111111111, 1.
1111111111 (1111111, 111.),111111111111111111 11111111110111. 111111. 111,1.
11110111, 1111110111, muscam (111111, 11111111 11111111,111111111;1ω,.
1111, 11111111, 11111111), [11111,ρι1’111111·1, verberare, 111111. 1, 2. Part. 11,
1. 111111. 11. 111111. 11111111, triturare. 11. 111111111111111111111
1111111111).
11111111 (1111111, 111.), 1111111111111111 (1111111111), spoliatus,
8111.
1111111111 (1111111, 111.),111111,1111111. 11, 11. impellere, 111111. 11,1.
1111111111 (11111111, 111.),1111111111111, Part. 11,1. 11,1.
1111111111 (1111111, 1111111111111111, 011111. 11111111.
11111111 (11111111),-11,111. trituratur, 81111.
1111111 (1111111, 11111111-11, 1111111111111111, treenta, 1111111111, lese.
pt. 11111. 11. 111111.
1111111111 (1111111111), -1, s. area 11 1111111111111111, (11111111.
1111111111 (1111111111, 1111111111, 11111111, 11111111, 1111111111), -11,
111. 11111111, Cot. 111. 111111. 11, 11. 111111. 1, 1. 111. 1111111111,
1111111111.
111111 (11111, 11111), -11, 111. 1111111,11111.
1111111111, 11111111, 111111. 1, 2.
1111111(-111,-11), opprimere, 11111.
111111 (1111111), 1111111111, 1111111111, 111111 111.

11111, 111111 111.

Pro (ε 9111111111).

1111, 111111 11111.

111111111111111111, 11111 eandm.

1111111(111111),-1111,11111111,1111111111, Cot. 111. 11. 11. 1111. 91. som, 11,
111. 1111111111. 11111111 11111. 111111 111. 1111111, 1111111111, 11111111 1111.
11111111111111. 1111111111 11111. 111111.

11111, 11111111111111.

Pru 1.- poth. pru).

111111, ·1, t. 111111111111111111,111111111111 on 11 1111111111 111111 11111111,
1111111111 1111111111 posuerunt, 1111. 1111. 181, 11. 111 111111 111111
1111111111 1111111111, 1111. 118, 11. 111, sepulcrum, 11111. sm. 111,1.
111111. 1111111, 11111111 111.11111111111.11111111; 111111111111. ef. 11111111.

11111, vide mom.

*I’RUI‘AN (11111, 11111111, 1111111),1111111·111 111 1111111111.

- - 111111 (1111111111),-1,Γ. 1) copia, turma: prpssum 111111, turmis po.
1111111, 1111111111. 111111 11111111, 611.111111.111,17. 2) robus,
11111111111111111111 1111111111, 0111111111. 111, 7. 1111. 11111111-
1111 (111111111111111), 1111111111, 11111111, vocalem 11 11111111111 po-
ducunt, 11111 transierit 11111111 (11111) 111 11111111 (11111).

1111111111, -11,11.1111111 1111111111 1111111111 111111 (1111111111) Andr.
111.

“·’ x 11111111,-11,111. 1111111111,1111111111 1111111111, 1111111 111.

ι. 11111111, -11,11. 111111 1111111111,11111.111·1.

 

