188 Voces 1 111111111111111111111111. 11111. 1111. 11111.

8) 11111111, 111111111111111111111. 1111111111, vindicabo 1111, Luc. 18,
8. 1111111 111 111111 11111111111, 11111. 18, 18. 8111118111 (111111,
111111. 88, 18. 91111. 1111111, 8115111111 1111. 1111111, 11111111·1,111111111 sax.
11181111,1111·11111, 11111111 bor. 18111, trudere, 11111111, 1191111 1111111.
1111111
1111111 (11111,111.),1111111. 11111111 111 (u 1111111 1111) 8111111
11111. 11111111. pare. praee. 1111111, extumo, 111111, 1.
11118111 (1111111, 111), 1111111111, 11111111, caeam. 888, 18.
· 111118111(11111111,111.),11111111·1,811111111, 181111. 818. 8888. 1111111
48. 1111111111, 1111111111. ,1 ”“”

31118111 (gemo, 111), punire, vindicare, 1³0on 4888. 4788.
01111111. 4, 84. 77, 18. “·
11118111 (111181, 111), 11111111, 18811. 1, 87. 11118.
11118111 (1811111111), 1111111111, 8111118884. ’
(11111181111111111111, 111), 1111811111, iustum, 811. 187. ,
1111111111111111111111, 18181. 4881. 1811111. 88, 7.
11811111, 111. 11111111, 11. Idem 8.
11811111,-11,111. 111111, worp. 11111.
1181111111 (1181111), -1, Γ. 111111, uc. 81, 81. 88. C. 11.
1181111, -e, f. 111111, poena, 11. [8111111111. 118, ,8 8.
’1 (11811), 11111111111111, 11111, 11111111 1111111111, Hem· 1. 242·
. 111111. 811. 1888. 1111111 111118,11111111 1111111111 (111111) 1111-
crescit, 111 1111111111 1111111111 (888, 84). 1111111111 11111111 lagon
111111111111111111, chron. 8111. 18831 ”
1111111,111).1111111111,1111111111111, chron. 8111. 1888.

11 1111, 11ἕ,,,81111.88,1.),1,8 1111111111111, 1111111888,
8. (1111ἶῖ111 (111 111111 1181111, 01111111. 888, 81. 11111 1118111,
1111181118, 8111111. 878, 8. cf. qotb. 111118, &caym

wgo, -11,11. 1111111111, malum. 118111 11118111, 1111111111 1111111111
11. (811,1.) pu 111111 11 11111-11111111, eadm. 81, 18. (111 he
11 11111 1111111111 1111, quod (1111111 1111111111, 8111111118, 88.

11811111 (11111111), adj. 111111111111111, Lye.
11111111, -1, 1811111111111111, 8111 181111. 888,18.
Μ11811111, -11,111.111111· 1111111111,,181118181 18181. 8781111181,
878,17.8111.111111.818,14. ξ’ ·“ 1· 1,.“” .“
,11811118111-8111, 811), exulare, 1111. 177. j 11811 - 11,-,ἕ ‘s
1111111,1111)”. extraneus, 1111111, 11111. p. 848, 7. 0111111. 8,[”’17ἷ’
11111111111111111111, oaeam. 111, 11. 111, 11. 11,-1. 111111.)
11111111.
11111111,11111.111·11111. 18181 11111111, 1111. 18, 88.
1111111, -11,11 111 111111 vita, 1111111. 1. 1.
1111111111, 1111111111, 81111111. 188, 18.
1111111111, -11, m. 8111111111,11111, cod. 111111. 188, 88911111,
8111. 4784. 111111. 111111, persecutor.
1181111111, -11, 11111111,ἢῖ11. 1111 11 1111111111 118 (11111111,
0811. Esou. 888, 8.
1181111111, -es, m. 1111111111, 1111.
unicam, -11, 111 111 1111111111 8111111111, 11, 81111111. 88. 1111111. 18.
1111118111 (-181,-11), 1111118111, 11111. or. 81111. 88.
11111111, -1,1.111111111,11111118111111111, 1111111. 11, 1. 0111111. 8, 17.

 

