Voces 0 liquida 1001010001. 10110. 1000111. 0000. 001

0101100000, 0101000, 110001, 14. 011000 010 cyninges 010100-
0110 00110011, L. 1001010.

100000 (00000, 010001. 4, 10.), -00, 0. 1) 010, robur. 00 000000 011-
000,111000. 0,1. 010110001ου0 000000,1010.10,07. 0) robur
0111111000,οο0100. 011 0111 10110 mugen 001 mre, 01000. Sam. 1004.
cuam. 000, 08. 01100000 0110,0001000011100, Caeam. 000, 0. 0)
miraculum. 00 00 01010 0010010000011 101000, Marc. 0, 0. 00-
00011 010 0110000, 0111110014. 11, 00. “

0100010010, part. potem, 11010. 0000.

0000000000, -ue, f. 0000 normannum, 11000. 0177.

0000000000, -00, 0. cohors valida, 000100. 110, 07.

0000001011, -00, 00. 010 mamm, robur, 0001110. 077, 7.
...0100001100 -00, 0. 010 maana, robur, 11010. 1010.

0110001001, 00].000000110100, 11010. 11711010. 008.

0110000010, -00, 10. turma 0011110, 0001100100, 11.

0110011ον0011 (-00011), -00, 01. vomo 00100000, Caeam. 000, 00.

0000010110, adj· 0000010 expers, 11. 70.

0000010001, ·0, f. impotentia, c. 11. 1100. 08. 1110. 1000. p. 40.

0100001100, -00, 00. 0000001100 00110100, 11010. 0008.

00000101, 01].000000010000, Cadus. 100,11.

0000000100, -00, 01. 00100110, Caeam. 017, 0.

0110000110, -00, 01. 10010 0000100000, 1100111. 110101. p. 100.

00000011000,00]. forus, 110010.

0000001100οο, -0, f. fortitudo, 11ιό0. 0000.

000000100,-00,01.1100001111οε, 0000001017. μζ .
400* mim

ψ 0000001110,-0 (01 -00),01. ⁸... 00010000,11000. .
0110000100(-0100),-00,1. robur, 010 mam, cod. 10000. 410, 0.
0000001011, -00, 01. turma 0011010, Caeam. 010, 8. 018, 00.

κ 0100001000, -00, 01. 010010 000000, Caeam. 100, 00. 010, 10. Luc.

0, 0011.

χο000001100100, -0,]. 01000100, Num. 14, 00.

1110100000, -00, 0. 010 superior, Caedm. 107, 07. 1101100800.
0000000, adj. 001000, [1000000000 1110. 01. 08.
00000οε00 (00000000), ·0,Ῑ. robur, Lye.

mignjan (010001), sortem esse, 1100000. 001 011001100010010 011-

0000100 (000, 00.). 0001000111 and 0001100011 0000, 11117. 4,10.

010001 (10101), -0, f. 1) 00100110, 0001001100, m. 0, 0. 00 101010 01111
on 0100001100. 4, 00. 0101010 1111010, 11101. 1, 00. 0) miraculum,
11100000.

0101010110 (0011011000), adj. impotem, 1001.4,10.

01010110 (0101110), 00].0010111110,1.00. 18, 07. Marc. 0, 00.
0001010110, 00]. 1000010100, Luc. 18, 07.

01011100, 0110. potenter, 000011111100, Rea. 0, 01.

01010011, -00, 0. violentia, 0100001100, Caeam. 187,10.

0000110 (0110110), adj. potens, 11001. 10, 17. huc. 1, 40. compar. 0111-
1101ος 000001. 0101101101.

0101101100, adv. 00100101, 110010. 00, 4.
0101100000, -0, s. potentia, 8001.

111010 (010), -00, 01. 0101· 00000, 00000100, consumimus. 0001000
000 vla 010 000000 011,1.00.18,11. 0101010000 00010, 00011. 0, 1.
000010001000110010, 00 1010. .

Qffw Vmb„ ΓΙΨΫἺΑ. (Νὴ

 

