Voces 8 1881111111 impende. geor. gir. 1888 11111111. 111. our. 881

1881111188,818. 1) 1111111811, 11888. 7, 8. Luc. 7, 1. 8) 11118 , 1881111,
1111. 8, 8.
1111111118, -8, f. 1111118111, 1111818,1118188, 118811. 8878.
18111118, ade. libenter, 1881111811, 0111111. 88,18,· 81111111. 1881111111 111-
11111. 18818818, 1881111111.
1181881118, 8111. 118811111111811, temere, 0188811.
1881811811 (18818811, 11111811), 41,Ῑὶ solertia, 11111. 8, 8.
1881111811(-1118,-1111),81118 188. 1111111818.18818188111181111111111811
(1.1)1111111),1..Ᾱ111118. 1181118. praef. 38.
1811111111 (11111181), -8 ,fi 1)11111118118,1.118. 7)11181’11“11,Ρ1.8,8. 8)
1111111811,11. 081118. 1.
11111111 (-18, -81), requerere, Marc. 11, 81.
1111811118, 111111111111181811, 8881.
181181118,.8118 1111811111.

Gi (.: 9011831). Ι

1181, -81, m. stiria, 11. 18. 8111.1“1“111111,111.1118111 1111818111.
1118111811. 1188111818, Sem.

18811811(118811111),8,Ῑ 1111111118, 088188.
111111, -,1111 111. pruritus, scabies, 11. 11. 11818. 81, 8.
18111ε1111111118181111.·
1111,11111811,11111,1111111111)ΑΝ.
11181818 gyf), 88111.11,111111. 1)111111111118118. 111818111111181118111
111111 1811111811.. 1111118. 8. 111 1811 1111 118 1111181111 111111, 8111811. 0811.

· ἡ

18,18. 8)81111188111“111188. 111 188 1118 sord 1818111118, 1.. 111. 81. es.
811181.11111(1181, 811),111181. 11111118. 11111. me 811188111818811811111811,
1188111111.Ι
11188,111101ἈΝ (11111, 18111111 [pro 181, 1111111111 111811), dare. 11111111 estad
Pe. 88, 8. 111111. 188. 18811. 11811111 811181. 11111811.
111111111(81811,1181111188,111111788111888.18,88.12ὔ)>θ’ιι
81111111 (811811, 818), reddere, 111111. 8781.
” 1811111111 (tergeat, 818), dare. 11111 1111181 1111 no 18118118, 0811118. l)
1181111118,1.118. 7,18.881181111·1,118111.81.
18111811 (181881, 81811811, 1181111.
1111111111 (11118111, 811),181811118118, 111811. 8888. 01811111. 8, 88. 88, 88. dee.
1, 8. Oros. 1, 1.
8111111111 (8111811,818.),8181·1811111, neem.
11111 (181118), -an, m. 111881, donator, 118811. 8187. 8888.
..κ-11111 (1811111),-8, f. 118118, 1111111111, 081. Momm, 18. 788, 8. 11111111.
card. 871, 11. 1188118. 8111118, ardue, 1111111118811, (18118818.
11111111, -8, f. 111881111888111,1111111·888181, 811118.
*simu adj. 8811881 1181111811, 0118. 87.
1111181111, -8, f. 81118 1888111111, 1111111. 1888.
1111881111, -81, m. 18111181, 1111111. 788.
ιι. 1111881,·81,111. 8111811111, 11118. 181. 081. dede 88, 8. 888, 7.
1118111118, adj. dandus. ’
⁹ 181111811118, adj. remittendus, 1111811. 11, 8818111111. 7.
1118118811, -8,)“. munificentia. ⁴ .
181111181811,-8,1. 1111111811, Gen. 8, 18. 111188. 88, 88.
1111111, -11,1“. 8111181118, concensu, 1181. 1, 87.

 

