mamm-cmm 14114ι 1114114 W

11111111,11).1111111111,1111,11. 11. maa 1, 11.
111111, 111. mmm, 111111, 11. 111, 1. 1. acm, 11111 1.

1414111111, -1,Ῑ. 1111111111, comensem«, 4111.
1111411111, -1, t. 411111114111, Son.

111 (1111. 111. 1411. nav-J, 1111. 1114, 111111 1111411 11111141 4111·
1111414441 14 11111111, 1111 41, 111 11 41411111 1411 4144 (7, 17). Ι1 111
aga, 11111114111 11111111 negdo (1, 11). 141 14 1411111, 111
1111 111 11 1111111 (14, 17). 1111 1111111111 1111141111 1111114114
1411141111 (11, 14). 41411 1111111111, 111 111 1111111 1414 1114 1114111
1114414114 11 1111 (11, 14). 14 gezman 1441411, 141 11141411
141111411411 1111111 1141 (11, 41). 44111, dome 11111111411-
114, 44 141 (11111 114 114111411114111114, 14). 111-111, adeo 11,
14141. 11, 44. 141 1111114111 111111111114111, 1. qr. 111 111 11111
1111 11 1141411141 (14, 17) ‚- 1111111111 1111111111, 114111, part.

14111 (- 141 11), 1111 11, part relat.

111, 1411. 4141, 1111111141, 1111111104, 41). 4411. ,1111 p. 144.

141, -11, 111141 111111, tolga 11111111 (11, 4. 14, 17).

-11 (1111. 111111), 11111. 11 11 111111 (44, 4). quod, 11114111, quia: 11
11 411 11111441, 1) 11 114 111 11111 1111111441, 111 11 11111 11111111
1411114, 11). 411411· (41, 7,11).1411.·111 41 11 hym 111111, 011411.
1111. 11 11114 1111)·1111, 41111. 14, 7. 11) - 11) 11 -1ὀ,1414
- 11111111, 111111. 14,1, 7. 144 11, mm: 114 1) 11 1141111 111
1141, 11 111 1114411 (4,14). 1114 1) 41111111 114141411, 41411
111 4111 1111111 (14,11). 114 b? 11 11 ou 14111111 eom, 14111-
11 11111, 1). 1111) 1111 1111 1111111, 11 1111111111 (11, 11). 111
11, 11 11111, 414111 (7, 4. 41, 14). 1141 (47, 44). cr. 4111 111.

1111, 1111. 1111. 11111. et 11111. 1111 11111, 1111111 11111111, 411. 11,
11. 1111114 11111 1111111111 1111, 1111 faetet 1111411 quam 4111

111. 14 11.

· uzon· 11111. 411111. 111 1111141111 11111111, qm 11 1111 , 11 cum s]
1111. 41111111. 14, 1114 (11, 114), 141 111 11111 pronominibus 111 4
1114111141111111111111411 conjuncta 11111111. '

1) 14 11111 11111111 1111. 11111. 11111. 1111111114, 11 11114441,
141 11111 1111111144 1111(4, 11). 11 111111,111111 11111111 11141
(1, 14). 114 11111111, 11 111 441 11 11141 (11, 41). 1111 1111)-
men 11114, 11 11 11411 11114411 (14, 11). fen. 11 114 burh svylce
41, 11 11 111 11411 11111114411411, genoe 114 114 111-1 14 11111 ge-
111114 (4, 4). 14111414, 11 11111 111111 (4, 11). on 1111111111 111-
1141, 1ο 11114114 14 1111114411 (4,11). 1411114111, 11111 1111111111
1111111114411 111117, 14). 1141144, 11 141141114 11111414 (11,
44). 4111111 4111111111 11111 11111114 111(17,11). 11111 1111111141,
11 111 1111441 111 (17, 41). 111111. 1111 11141111111, 11 1111114111-
1111 111 (1,11). 1111111 1111, 11 14 neap forbatudo (4, 41). 11 111
1114, 111111411 11111114 (14, 1). 1111111, 11 11411111 (14, 14).
1114111111111 1114. 16211111. 114 1111 1111111, 1111111411 111
411 111414111 -· 41111 1111 1. 11. 1. 1. 1. (17, 14). fem. 1111 1114-
41, 1111 4111 111 (11, 11). 11 1111 1141, m: 1111111) 1411 111
111111 (11, 11). 11111.11111111 11111111111-11 mys = 11 1111
1. 1. (4, 44). 1411· 111 1141111111, μ’(ε 111) fu 11 1111111111
11). 11111111, &mon 111 1111111111 = 111111111· 44114)-
111 nac. 411 411 111111 11411111, 11 11 14 1111 11141 141 ffi- W

 

