1131110000 0 01110010 100. socco. 0011001.) 00100. 0000-0000 {¹

ι 01000000010001, -00, 00. 0010000000, 1110. ep. 1, 31.
0000000100000, -0, 1. 1000010 0000100, Cot. 113.
000000010100, -oo, 1. 00010000001000 (137, Vt, 3).
00000100110, 011. 010111110.
00010000010011100, 010. 0100000ορ001, 11111100. 137,1.
00000000, -00, oo. speculator, explorator, 11010113. fleo. 13, 3. ottr- ·
00, Cot. 181.
100000010000, -00, 00100000100, spectator, 3000.
100000000000, -cs, 0000001010100.
0000011, 0001. 10101100, otono.
1000000110000, -c, 1. 01010, Po. 3, 11.
100000000111100, octo. 0000110 100.
00100000011, 0001. 10000011000100, Itsr. 01. Nom. 77.
001000000111100, 010. 1000001100010, 11. 0000. 00001.
0000000000, -0,1. 0000010, Sooo. spectaculum, consideratio, 0000100·
100,100.13,13.11. 0001000010110,1111.1,33. 110011. 31, 3. Pom·
’ 71, 1. !
m·- 1000000000ος, -0, 1. 00001100110, 110011. 33, 1. ’-
001000000000, -0, 1. 1000000110, 110000. t
χ 0011 (001, 0001), -00 (-0), oo 1) 1000001000, 1000001000 00110, 001100,
Cot. 111. 173. 3) ficos 0000100, 1110. 01. Nom. 11. 101000 0001, co·'
1100000,1110.01.1000.11. 011000010,1000000,1111. 0011000001, 1
1010000, 1111. 000100 ptango, 00001010, calceorum 110000001000, lm· ᾖ
1, 7. 0011. 0101105 100. 0101ος 11001. 00001. f
Μ 00001 (1. 0. 0000110), -00, 0. 0011000, Moto. 13, 11. 11001311·
socchoth, -.00,1 nom. 00110, 01000. Sao. 331. -ἶ
scohoogel, -00, 00. 0011000 0100000, 110000.
00110000 (0001100000), -00, m. calceorum 1100000010οι, ooo. 3, 11
coo. 1, 77.
001100, 0001100 (-10, -1), calceare.- 10 000100 ooo, 000 001000, 1110·
00. 31.
0011 (00011), port. 001000100, 110000.
0000110001. 0010001000, como. 13, 11.
000011,0001.110001000100, Dent. 11, 11.
001000, -00, oo. calceorum 1010100100, octor, Som.
001000 (00 00100001), -00, uo. 000100, umbraculum?
001010101(0000010101), 10011000, Cot. 33.

5001εο011.0100,01001.
soyocolo, 0001. 00100010, q o.
coyt, -00, 0011011000, 3000. 01. 3111111111.
00000000001000. ·
ocyl (ε 0001110110 80110111. 4·
0001000, 011. 10000000, conmodatus, 1000. 01. 001000 001 3110111111.
- 00011, 0001100, 00011001, 10011100, 00011000, 0001100 00111, 001. 0. 0.
00011, 0001110, 0001110100, 0001110000, scymnus, 0110 811Ᾱί.
““ scyta, met. 00110, 0110 30110111.
0001100, ocyore, 30011100, 0110 3011011111.
000100, 0110 0000100.
- 00001001000010, 0000101), 0000000000, properare.- 11 00000000 000101
1101010001 tcyndcn 11 0010100000 godeo 0001, Boo. 1, 17. oo genech tio

 

