111 11111 1 1111111111.111111..1111.111.111.1111.111.111

1111, -11,111. 1111, 1111111, Mau. 1, 6. G. 1111. 11, 1. Mn. 18,11.
11. 1111111.111111,1. 11111111.
1111611, -111,11.111111, mem, 1111111. 111111. 1. 111. 1¹0. 1, 5.1,.
1111111111111. 11111. 1111111111, 11111, 111111. 1. 1.
16111111, -11, 1111111 11111, 111111. 1. 1.
*cnm (1111, colon, 1111111), 1111111111 esse.
111111 (611, 1111), 1111111111, Cot. 111. 1111111111.
1111111111, 1111111111, 111111.
---- 11111 (eald), 11111. 11111111, 11111. 1, 1. 011111. 111, 11.
1111111111 stade, ·od), 1111111111.
1111111311, 1111111111, 111111.
’.11.-11111111111111111, 1111111. 111111. 1. 111.
,Α1111 (1111), 1111111111111. 1111. chin.
· 11111111, -1, f. 111111111111, 11111,- 11.
1111111111, -1, s. refrigerium, Ps. 65, 11. C.
μ- 0⁶10 (1111), -11, m. 11111, 11111. 11111. 111. 111111. aen. 1111.
01111111. 181, 11.
1111111111, ·-11,’11. 11111111. 1111111111 1111111111, Andr. 1161.
11111111(-111111),-1, t. 1111111111, Cot. 116,
11111111 (-1111,-11),111111111111, 1111111, 11111. 11, 1. (111, 117.)
1111111111, 1111111111, 111111.11,11.
1111111111), 111111, 11111. 1, 11. 111111. 111, 1.
11111111, 111111,1’11111111·1, 111111.
, 11111111, 1111111111, 111111.
caing, -e, 1⁴. 1111111111, Sam.
11111, -11,11. calceus, Marc. 6, 1.
11111111111111.
uult, 11111111, 11111 1110111111.
caljan, vide cAhAN.
11111 (1111),-11, 11. 1111111, Μ11111.11, 18.
1111111111,-11, 11. 1111111 111111, 01111111. 111, 11.
⁰⁸¹⁰ 111111),1111·.1111. calvos, 1111111 cet. 1111111, 11111. 11. 1,1.
, calva, -1111,11. (vel calve, 111111) 11111111, Cot 111.
emb, 1111111111, 11111 0111111111.
11111111 (1111111111), -11,11.11111111111111, 11111. 11.
camp, 1111111111, 1111111111, 1111111111, 1111111111, 1111111111,11111 cmm.
(ΞΔΝΝ, (11111111. 11111. praeterito-prm, 01¹. GVINAN 1101111111, 111·-
1111111111 1111111111 11111111. ’1111111111 aetat 11111. praes. 11111111
(111),111111 (11111111),111111; 1111. 11111111. Ina. 11111. 11111. 111111,
oswen, 1111111 11111. 11111111. 11111. 11111. 11111. 1111111 1111. cumen.
Subj· praet. 1111. 111111 plur. 111111. Ins. 1111111111. 1111. 111111. 111,
111111. 1) valere, 11111, 1111111. 11, 1. 1) 11111, 111111, 1. 111. 1,18.
1111111. 1, 1. 1611 11111,1111111111111, 111111. gemiane 11161, sesenna·
reddere, 111111.
11111111 (11111111,111),11111111, 111111.
11111111 (1111111111), dune 11111, 11111111,11111111611111 goldbor·
gen 1111111111, Ι.. 1111. 111. 11. 1111111111, Ρ111. 16, 1.
om, -e, s. notitia, professio. gif 111 111 ne mage 31111111 mid
· ‘riht'ro 1111111, 1111111116. 11111611111111111, 11. m 1111·
11, 1. 1111111111,1111 1111111111 accipiendi, 111111. 1. 1.

--11 1111111111 1-111, -611), 1111111, 1111111, 1111111. 5,1. 1111. 1,1.

 

