11191111. inc. 31311-3111.1111119.31113.911.111.3199.-319ρ.3191.-3191999

31311911, 3111191, 11111 omnm.
313111, -11, 11. 11111, Mon. A. 199.
313111, 1191 9111919991.

31311, 31111111, 1191 summ.
3111911111 6111109911.

gryme, -11,[. aranea, Ps. 89, 9. V.

Grae (ε 3111. 319).
111111, 11919191.

'mmm (3199, 3199111, 31119111 111 3111991,31119191),11111111. graet
(τε 31119191) 11191111, 11911111119111111,Ρ111. 99. 11311191 119
391, 11111 11111 111111, coa. 191111. 199, 18. 11. 3111.3199911,11111111.

..- 3111913 (319913),19)“. avidus, 11111,“011. 191. 1111111. 19. 11. 88. 3111.
31991315 1Τ 911. 3199, 11. 11191111, qula. 53³·
Λ31119131111,191.11191, Cot. 191.
3119131111,-1,Ῑ. 11191111, scant. 99.
311191, 11, m. (plur. 3111911), 31111111, 011. 99.

»31113 (3193, 3113), 19131111111111. 111119. 3191.
31113391,1’.311111,91111.Α. 11. Cot. 99. 111. 319391.
3113111111,-11,11. lorica, 111111 (199, 9).

31131111, -11, 1111111131, som.

graeghund (3193111119),-11,11. 1111111111, Cot. 199.

3113911111, -11,11.·111111111, 111111.

3111311111, adj. 111111 11111111111911111, 11111. 9999.
(19.9911113191, 3191111, 3111111), flere, plorare, 19111. 19, 19. 1.. 3111.

3191111 (3113191) 3 911. 311111(3191); 1111319111 11111. 31911. 1919111.
3111111 (stiam 1119. 1111111(1911). 1113119111.

Ι Gra (= 3111. 319, 3111).

1131991111, 1113119111, 1191. 11199 com 1111111111 31119111 1191191111
31991111999911, 011118111989. 11. 111119. 31991; 31111.31191,Γ.
βαθμός; 111. 31191, s. 31191111 111119. 3119.

31913111, 31111113,1·191 enlm.
31911, 3191311, 1191 GRIPAN.

619 (= 3111. 319, 319 ).
(1191 (9111111111. Graecus, 111111. (119111, Graeci, 1119. 1, 91. 11119.
(11111111.

1911111119, -11, 1. Graecia, 0111. 1,1.

3191111, adj. 31111111, Ι9111. 31. 99. 1119. 9, 8.
311113111111111111. Ι ἲ
319111,3191111,3191111111919119119111111. 319111. “· Ι .
31911(.--311111,11111311111),-11,11.11111111,19111. 1111111,9111. 11.

911. 31911, 11111111. Ι
,43191111 (319111, 319119), alloqui, 11111111, 1111111339 31111111. 11111 aec.
111111.1,19.19,18.1119119917. 1 ,999 111191 3191111, 91111111

1111311111, 11. 9111111 1111111, 911911.189,Τ.”1”91’19.”3ῑ11’“1”ι]ἰ1. ’

31319111, provo-eye, 11111111, 11111111, 11111. mmm.
3191113 (3191113), -1,1. 1111111111, 11111. 1, 99. 91.

1131319119, 1111111111111111, (11111. 111. 9.

 

