M 11441 1 9111111111· 1119141144 1111. 1111. 11114.
11114, 1111111, 1111111111 11114111.

. 1111 (τ.- 91114119. .

1114 (114), 141141. 1111, pron. 11411119. 9144, 91141. 1) directe 44441119.
unga 1114, 1111 1141114414414 1111411 (41, 11)., 11411114, 1111 4111114111
414111119441 (41, 14). 1141 14 11119141 1114111111 111 41144111 (11, 14).
114114114411111111411(41,11). 1111141114, 91114 414144, 1414411,
41. 111141111411111119, lae 11411141 111111 1111119 111111 (41, 44).
1111 4111111 (11 1111111 411, 14111 441111 141141 411411 (11, 44). 1111
411111 ge 44411 1111111111, 1111111111 141411, 14114 11111111 1441 144111- “
914114141114111111111114411. 171. 1111 111111 1111911 quomodo 11-
4111111111, 14). 1111 41111 114 111441 mennon 111111114144 41111 1114
9111111111 vepna? (11,11). 11111 (111.) 41411111 14 (114 111414 4449441
(21, 12). on 11411 mag 1411311411111111 111141111141111114 1111114111
(14, 44). 4111114111 “Q 111444111111 1114 4414111114 4141441111
44111 (19,14). Quo 111414 lm 114 1114 111141 11141114, 41)
111, 111, 14 (41141111.)911111111,111,· 1111 11441114-14 4141144111·
14141111 (4, 17). 11) 111111 god 11111 4119111411 1141441114111441111141
(4,11). 11114 (1111114 111 111191 11411 94114111 (1114144 1111111441 (41,
11). 1111401141141111141 14111114 1141111111·(11,11). ‘Q 441)
41111114 magon 111(17, 18). 11111, quem 11114114 (77, 41). Q
41111 119.44114.,11,111141(19,14). 111 4414 (11, 14). 111 1111414144
1114111111(11,1). 11 lange, 9111111111(19,1). 1) 11141119. 1411141441
saga 1111, 114 914141114411111444111111411 (11,11). uaga 11111,Ι 11111 411-
141191114111 1111111 (11, 11). 1111 14111 111111 4114414141 1111414411
(41,11). 11“, quomodo (81, 19). 41111111 41111 411 41114 4141441411
4114111911 (1111). 411 1111111 4144 11114111 414 4111111161, 14). - 414
114 411, 9141119114) 411 1111 414, 9111111914(4, 11. 44, 7). 41411111
414, cuicunque (14, 48), cet.- 91411. 1144, 111, 114) 41411.111141,111114.

114(114),1111,91111.11141111. 1149144, 1149111. 91411411 uum 4411114 441
14111111 (4, 41). 9111114 11141114 111 cyninges 11144 (4410). 914111
1441114111 11111114 man 144111 (48, 4). 914141111111 1141 41 (44, 44).
914111 11111 111144 (11, 11). - 44111. 11 9111, 11 91111 91111. jabo] 11114,
jabal 111, 14141 114. - 1111 441111, 141 11111111111191111, 41111941. m
1494411, 4. 91. 11 1114 (11111) 11114, 114111 11111, 1141. 1, 11. 11441 1141441
4191· 141114. 41114 1111, 14111 quid (1449111)111“111,11144 (1911141111)
1119111, 141411.

1111, 111. 1114, 11114111, Gen. 9, 11. .
1111 saepissime 911914 9119111111111 affirmativis 11449111441, 441, ’
sane, 4144, 1441 11114. 4. 91. 1111 11 111, gir 1149114441194411114

11411111, 4411491414111, 44 141 144111 potestatem 11191111 41441441 ’
(11, 21). 111114 41111111, 1411111111 1111, 14 111 111411 111111 p}
411111114111111141 (11, 41). 11111 pu 114 144441 11111 goden gire
111114 411114 14114 1141111114, ’411144 911111’11111111 1111441111 111114·
111 11144141 (11, 44). uvat 14 41411114 in gedrdagum 11114911114
119111 9141111111, 11111. 1. 1114414 94119 9111114 111111, (141 44 414
¹strong, pe 1141914111 m (14) 4111111111 1111111111 (1141).
111111 141114111411 11111114 14111111 111 (4, 11). 111111 14 11114141
411 141111 114 11111411(1,11). Mt 1114 411114 119 444111, tota 141 no
4144411111411, 1²⁸. 14114. 41, 4. 1111 1414 god 11111, 44111441 1911
eet 1114 meus, 1111. 11, 1. 111114, 1411144114, 14141 4411414111,

 

