ιιι 71711771. 77771...7,.11,17173.111-11

7111111, 1171. exlex. 1177 117 71111,1.. 171177. 71117. 7. 1177 17 (1771 1111711,
L. 011111. 317177.

11111111, -371, ιιι. 1171117. 1711711 71 vepre 3713171311. 71171. pol.
17. 71111311, exules, 777711. εξ1777.
lagjan (-717, -711),371771, lagjm 37117 17171111311, 11111111.

cae. 1777.
3711331111, 173117117177, A'lsr. ep. 47.
1111131111, proscribere, 71177117171777.
f 3771113177, proscribere, 1717. ..1171 ί
ν 1’1”ι3(173),.1-71,ιι.7711711111111111ψίί11 i' l j
” 711113 (71173), -71, ιι. [1111111117 porfmgeeoge, 711771. 777, 17. or-
1737177377, 0711111711. 447,77.

7117377113, -71, 11. 31177 77117 11111117, 11771, 7117111. 177,17.
7117331117, adj. 11111 71131771, (laam. 177, 7. ,

- τιν711731117,-71,111.7711111[111111, 7177717, 7. 77, 77.
7117317717, -71, 1711117371, 111771, 17111111, 7117111. 177, 1.

Αμ11737),-11-717111.113173117111,111171. 15⁰ 11111371111131711-
7133317, 11177111.1111171.177.17371111ΠΓ11 1137117 171117, 77771.

11111. 11311 111111 3717711, 717711. 777, 17. 7711711 ,.0111
lwgossod, -71, ιιι. maris 1117117117, 7111. 7,7. m ,ῖῖ7

ν- -’·-11ι37171111,-7, f. 11777171771171. (71, 7.) ἕξω 4.
1113711771, 71111771771111111171, 777111. 71, 11. 77, 77.

1137111717 -71, 111 remoueatur, 71111111. 117, 71. 147, 74.
7777 ff

1137117111, -71, pp 11311111 1111711111, 1 71111711, 777. Leon. 177, 7.
3...- 3711311,-11·71111171171111. 7171171111 3711311. (777, 77.)
17731111 (173777, 1737113 contr. 17117,1711),3711177.
· 71773111, 7177371111, 1) 7131711777ῧὶ131711111171111771177317, Luc. 7,
17731117111111171, deprimere. 371171 171 11773111, Ᾰ117. 713. 77, 77
1177371777,1173’.7137111111,Ᾰ13’7.37.
1171773117, 7177777777, salto culpare. 311 111111 1177111 7717737, L.
77111. 7. 311 111111 mid 1171177 11717737, L. 711111. 171111. p. 177, 17.
7171171311, imponere, 7331111171, 117117. 1. 1.
17177311, 71717177, separare, 177. 77, 77. c.
77171177317, supponere, Klfr. 37. 7771. 777. 77, 7. Past- 17, 7. 1117-
sternere, Luc. 17, 77. ⁰.
1171773111, reponere. recanere, 7117711. 71111. 1777.
11737, 1173. 1111117 3111711111 ¹
17111737, adj. 1731171111, 11711111 1. ,
11171, -7, f. 1) jecur. ealle 1111 11113 Ιιο 11 pore 11117 11113117, Le0.1‚18.
) libramentum, 771. 177.
1117111111, -7, 73777711 71777111, 11. 17.
1117117711, adj. morbo peram 7711111111, 117117.
1117117777711, -7, Γ. 71771111 3177711, 117117.
111711717 (17717), -71,ιι. 7717717711νί1, 117117.
1117117, 11111771117713171117.
113 (1. e. 133), vide 1111117111.
11171111171111773, 7111 111111

11111177, 1111173 (1 71111, 71.),717 1171111.
111,Ῑὲ (71737), -11, Γ. 11111111 1111771117 717171 111117,Ι717.7,77.11117.

 

