1111111111. 1111111111. ⁰⁰1

111 111 11111 111111, 011111. 11, 11. 111111 111 1111 11111 1111111111 11-
1111311, cuin. 11, 11. 111111111111111111111511 on gerendo, Coedm.
11, 1. 111. 11111, 1111 111111 11111 1111, 01111. 111, 11. gasse-gn, 111
11111111 1111111,11111.1, 11. 1111111111 pro 11111 11111 ponitur?
11 memma mn 111111111111110 11 'l' 1111111111 confunduntur.
11111 1111111 111111111111111111111. 111111. 111, 11111. - plur. 1111.
111 11 1111111 (1, 1). 111111111111(1,11). 11111111. 111. 1111
111111 11 11111111111 1111111(1,11). ace. 11111 (11111), 111. ge-
' 1111111 111111 111111 (1, 11).
““ 111, pronon. 1111. m. 1111, 011111. 11, 11. 11. 11. 11, 1.
garet, 1111. pm. 1111. 1111111 1111111111, 01111111. 1111111
(pro 1111111) 11111111, 0111111, 11. 11, 11.
11111,ρὲ11.1111.1111.111111.· 11 1111111111 11111111 111111 1111-
animumanimumum 11111111 vestram 11111111 (1, 1). 11-
11111 111111 (1, 1).

111(111111111),-11,11.111111, 1. 1111. pol. 11. anal. thumb3 11111.
1111.

1111111, 11].1111111111111 1111111111111, 111 11. ln. 11.

1111, -1, 111111111111. 1111111, som.

111111, 11111, 11111111, panorm, 111111, 11111111, 1111 marr.

111111, 1111 11111111.

1111, serrorum, 1111 prun.

1111 (1111, 11111. 11, 11. 11111, 11111.11,11.),11111. 1)1111 111. a) perr
1111 11111111111,111 1111111 1111111, 111111, 1. 1111111111 ungar,
prr 11111111, BH. 111. 111, 1. burh 1111111 and lmrh 11111 11111111
111111, 1111111111 1111111111 11111· precer, 1111. 111. 111, 11. n&
lm 11 111111111111 111111, 1111111 111111, ne 11111111111111, 11111.
1, 11. 11. 1) propter: 1111 nan plag, propter 1111111111111,11111
1,1. 11111111,11111111111111111,1111. 81111111. 1)1111 111.
puri 1111 11111111 1111111111,111111111111111111(1,1). luuh gerla·
111 11111, §prr 11(11, 11). 1111. {raim 11111. 1111111.

Vocet 11111 11111 compotimur 1111μὶ111111 11111111 1111111111

1)1’1111.·)111·111111. 1111111. 1111111. 1111111. 111111.111111. 1111. 111-
111. 11111. 1111. 11111111. gin (gangra). 11111. 111111, 111111. 11111.
11111.111111.1111111. 11111. 1111. 11111. 11111111. amiran. 1111111. 1111-
1111. 1111111. 1111111. 1111111. 1111. rrymjan. 11111. 111111. 111111.
1111311. 111511. 1111 (plan). 1111111.

1) surorum.- 1111-11111111. fam. 111. 111111. 111111.

1) ,1111111111111111111111 1111111111. 111111. 1111111. 1111111111. 11111.
111111111.11111111.111111111111111111111. 11111.

1) 1111111111-111111111111.

,, pyrre! (11111), qv. 1111111111. 1111.ροι.11.1..11111.11.11111.

111111. ι”ῖτίὶἦ
111111111ἥ111.11111411111111111111111,011.11111.111,11.
- pyrra (pyron, -,e· 111111111111111, 11111111, rr. 1111-

3³⁹2 11111111, 11111. 11, 11. 111111111111111, 1111. 111. 111, 11.
11 1111111.

11111111 (pyriten), 11).)11111111, 1111. 11, 1.Ι
wamiam, pyrum (111, -11), perforare, terebrare, 11111. 11, 1. 111.
, .

1111111111 (pyrorum, -1, s. 1111111111, Pur. Ἃ, *-

 

