1.... a 11.,..1 1... 11111111.11-111111-1111111.111

111111,111.11111, 1111. 11. 81111. 18. 01111111. 111, 11. frequenter,
011111. 11, 1.
1111111 1-111, -111, 1111111111111111111111, 1111. 11. Son. 11. ·
1111111, w. mem, corpulentus, llfr. 11. Son. 11.
111111, -11, 1. 11111 1111111111 1111111111, 11111111, 11118, 8.
...1111111111 111111), adj. 11111111, 1111111111. 1181.
fflQOmm

Ρὸ (= 11111 11, bah).

ἦ, Ι. imm, co& no sou· ma} “wa- dlu-

11111, 111. 1111111111, 1111. 11. Son. 1, 111111. 18, 1.

,1111111 (-111,-11), 11111111, 1111111111,11111,Ῑι1·11, Cot. 18, 118. 11111111.
11. 111.11111,1111111(111.11111). 1111, 11111111. 1111111111.

1111, 111. 111. 111111, 1111111. 181111. 1,1.

Mor (11111), -11, 11. 11111, 11111111, Coe. 111. 1111. 11. som. 18. 1111111.
11111111· (11111 111111 11111, 1111111 111 1111111111, 111111 1111111111 nymphae, 11-
1111111111111111111111111). el· 1111111111 (bor. 1111111111), 1111111
r, 111.

Mssmmm
111, 111. tumn. 11111 111111, 11111 (111111111111111).
11111111. 1111111111, Coe. 111. 118.
111, -11,11.111111111. 111111111111111,1’111111.181,11. 11111111111111,
111111 111,11. (111, 111). 1³
1111, -111, f. 1111111, 111111 1-1111), bne. 111. 1111.
1111111111, -11, 11. 11111 1111111111 111111, 11111111. 1111-
1111, 1111111 11111111, 81111.
1111111111, σοι, 11. 1111111 111111, 1111111111, 1111 11111111, 1111. 11.
uon. 11, 18. 111111 11111111 1111111111 1111111111, 111. Coa 111.
&aaz

pm, 11]. 1111111111, 0111. 11.

111111 1-1111,-111),1111111111111,1111111111, Cot. 111.

11111111. mnam, 111111, 1111. ,1 son. 11. 111111111111111,
111, 11111 111111.
11111, -11, 1. 1111111 11111111 11111, 1111111 annorum, Ρ1. 81, 11. 111 11-
1111 11111, decen 1111111111111111111, 111111. 18,11. 1111111111 11111111,
1111111111, 1111111. 11111111. 111 11111111, 1111111111 (= 1111111111), 111111
111111, 1111. 1, 111111. 1, 11. 111 1111 1111111 11111111, Nun. 1,11.
111111111111111111111111, 1111 1111111 1111111111, Luc. 11,11. 1111111. 11-
1111.
“ 1111111111, 11].11111111111111, 01111111. 11111111. ,11. 111.

1111111111, 11]. 1111111111,11111111111111, Sum.

1111111111, -11, 11. chiliarchus, 1111111111, 11111. 18, 11, 11.
..11111111111111111 adv. 11111111, 01111111. 1111, 8.

1111111111,,-111, 11. 1111111111, 1111111. 11111111.
1111, 11111 mm.

Pru (= 11111111).

mom (1111, 111111, 111111), 1111111111 1111, 11111111 gamm 11111.
,μα-κῃ, Ἤρ

 

