11... a 119111 mapsa ν 111. 1111. 1111. 111
1111111, 11111, 111111, 11111, 11111 ἓνοκᾱξῖᾔς -11, -111, 11111111-

1111, 1111111111 11 11 111 11111111 1111 10 felda, coll. 14111111.
(1·11111.,41111. 101, 0.), 11111111, 1111111111, 111. 11, 0. Ρ1. 140, 1.
11. 11111111, 011111. 11. 11. 41111. 11. 11111111, 111 1111111111 1111
111111, 111, 111 11111111111111111111111111111, 1111111410. 11111.
1411111.
11111111 (111111), ejicere, 0111. 1, 11.
1111111111111111), aym, ducere.
1111111111 (1111111111),11111111111111. ar. 8111.10,1.Ρ1.11, 11. 11.
1111111111, -11, Γ. 1111111, 11. 11111. 11.
11111111]11(-011,1-11),1111111,Ρ1.101,1. s s
11111111111,11111 11111111, 1111. 11. 81111.1,10.1Ἰ um M ’ἶῆ
ν11111111,111111111 (-111, -111, 11111111 111 mig 1111 1111 11111 111111- m
1111 11111111, 111. 11, 11. 111 111 11111111 11 111,1111111111111111111 {l
11111. 11,11. 1111111111111111111111 11111011111111111111, 111 1,
1111 11111111111111111111, Gen. 11, 10. Δ
1111111111, 1111111111111111111, 11. 11. 40.
1111111111, 1111111111, 411111. 11. Con.
s 111111111111, 1111111111, 1111111111111111111111,411111.
, 11111111 1111111), -11, 111111111111111111111, 1111111, 11. 11,10. Gen.
11, 11. 111111. 1,1.
1111111011, -11,111. 111111111, Pas& praes.
1111111111111. 11111111, 111111. 0111. 1, 10.
1111111111,·11,111.11111111, 11. 011111. lael. 11111. 111, 11.
11111(111111111),·1, Ι. 111111, 111111 111111 1110 111111 111011, 111111
1111111111 111 1111111111, 14111. 11, 7. 11111111 111111 11111, 1111111111
1111111111 111111, 01111. 11,1. 1) 1111111111, 1111111. 111, 11. 1111.
11111111 111111. 1111.
- «pannonius, -11, 11. 1111 1111111, 01111. 111,11. 110, 1.
1111111011, -11, 11. 11111111111111, 111111. >
“posmguma, -11,111. 111 1111111111 (1111 1111111111), 111111, 11.
1111111111 (-111111), ·11,111. 1111111111 1111111111, 1111111. 110,11.
1111111111, -11, 11. 1111111111, 0111111.101, 4. 111, 11.
11111111. 1111.11111111111,111111111, 1111111. 81111. 1, 41.
111111111111, -11, 11. 11111111 1111111111, 111111111111111, 11111. 11
‘emmas‘ wli«,
1111111111, ·11, 11 11111 ,’ 'tract 11111111. 1111111.
1111111111, -11,1. 111111 11111, 1111111, eadm. 111, 11.
1111111111, ο1,1“. 1111111111, 0111111. 101, 11.

,s w

41111111, -11, 11. Theodericus (100, 11). loz] Q ‹L-
1111111111, -11, 111. latro publicus, 1111111111, 11. 011111. 1111. 11.
11101111, -11, n· 1111, 111. n, 11. 1111111111,11. 1, 11. c.

0111. sm. 111, 11. 111111 1111111111,1111111111111111111, 4111.

sm. 414,11. 1111111111111,141111. 14, 11. 0.
11111111,-11,111. 111111. 1111111. 011111. sax.
11111111 (-11111), -11,111. 11111111, 11111111111111111111111111111,
philosophus, 1111111111,11111111, Imp. 1, 11111111. 114.
ςε11111111111,-11,Ῑ. 11111111111, 11111.
1111111,-11,11. 1111, 1111111111, Beda. 10. 011111. 1, 1. 10, 4. 101, 1.

you. 11111111.
pedus-uun, -11, 11. 1111111111 111111, 01111. 11, 11.

 

