10002 0110100100οΜ0. 200 200. 210 210. riht 222

-. „gereon (00200100, 0. 00010000, Bet. 1,12. οΓ. tanen 21020.

gerenos (gereon), -20, ιιι. 0000100200, rector, 1102. 0000. 0. 21, 1.

οΓ. 21022.
00200110 (0000000110), 000. 00200000, 02020200, firmus, 2000.
00ιο01100, 000. estense, 00001100, 20022. 22, 1.
00002, -00, ιιι. rector, 20102. 22. οΓ. 2000022002. 21·
” 2000002220 (2000002200), -00, n. 20000100, ltfr. 00. 2, 12.

2000020, -00, nn. narrator, rtetor, 20022. 12, 2. rector, 2002. 12,1.
οΓ. ettam 21002.

20000010,- -22,Γ. 0001010, Son. οΓ. 21000. ι, ⁴ ¹

2000,-20,Γ. 00020000, Ᾰ1.Γο02. 1. 200. 2022, 0010, 1100. 1 ¹· ι

,, 2200022 (02000010, 22002220, 200022), 0-2, ιιι. 002000. 01002 02 20002-
220, 20022 22, 1. 21022000102200002,20022.12οι01.0.122.2020-
22, 0000. 2, 1. οΓ. memnii, 010000. ι

22ιο22012, -ge, Γ. 002000, 200222. 22002201002 00210000, 210222, 2.

2200, -02, ιιι. 00010 0100200, 00001000200,002. 172. 200. 220210 22000.
222020 (-- 21202002).

220100, 20010220 (220220, 22021), 1) 0000010 001120000, 2000. 2) cnm
002. 20000000, 000000, 0120 geme, 1012 pit 10 212 1002020 gen, 022 hit
0211 2012102011οο 02002 202 0211022 0100200200 22002, 20022.
22, 1. 1) 0000000, 20020. ι. 2.

2200122 (220, 00), 2000220, 1120110202, 001121.

2200, -0, fi? 0000 00000020, 000000210οο0ιο 000222 2200 211002 02-
010001, cnam. 21, 21. οΓ. ὁὶ. 2221, ιιι. 0000000 202001 20οι00.
2200, -0,Γ. 1) narratio, 2012200, 011Γο. 22200. 22,2. 1000.1,1. 2)
02000120, 20022. 11,1. 2) 020200100, 110022. 11,2. 1) 00000010,

lt 21.

&reond (21000), -00, 0. 00000, 000000, 0000117, 12122, 1. 000.
20002. <a—

200002, 2000300 (00, -02, 02 -220, M), 0000002000, 01020000, 010202-
haeresen-finano. gereoeutn, 0001000200, 00000. 211,12. 0002.
2200002.

s· 210οιιο (220002210ομ)4 000. confestim, 0120, 00021000. 222101202οκ
0020 020020, 00000. 21,22. 121, 21. 222, 12. οΓ. ettam 1110111

21002200 1220001100), 000. consenum, immediate, 21000. 1, 12,21. 012.

21000, -00 (002 2100020, nunt), Γ. 122000, Cot. 22. 127.

0122 (2222), 0010002000, justus. 20022 2122000120, judicate 0002000
santonum, 202. 7, 21. 222 212110, 0000000200 002, Luc. 12, 27. 12
hit 21221 licetne? Dent. 22, 22. 0022. 201220.
¹ ,. 002102,0οΓ.01000200,]00100, 200. 2, 2.

' 022112, adj. 000000200,100’00100, t. 000. 11000. Confi 1. 20022.

22, 1.

002122, 001. 00000200, 0000200, 000. 27, 7. 20022. 11, 1.
21222202, -02, ιι. 00020 21010, nornen, 12. 127. 002. 129.
21020010211011, adj. 1100120, 0022011000, 0012000000, 001. 112.
022001012100, 000. 110012200002200000, 12. 0000. tn 001100.

· 211200111οι1 (part), orthodoxus, 200. 2, 12.

tingentem, adj. 0021000110, 12200.
2222120022 (dante, 20022), 00002000000011010000, lt 200. 202001. 2.

002112000200021010000, 0000100οι, 202. 2, 22. 12222021..

mun, 00. sunus, lt· 00000 p. ιιι. 2.. cun 00020. nonus-wax·

 

