Voces 1 sibilante impietates. 111. 111-111. . 111

11111111111111 111 celer, 1111 tentorium 11111111 (11111 auderet,

9111111. 179. 9111111111. - 1111 adverbium 1111111111111111111
superlativum 11111111111, 111 1111111111 comparativum format
11111, e. qr. 11 111 1111111111 1111111 11111111, 111 11 11111· 111· 11
1111111111, caedm. 199, 19. ιι 11111111111111 111 (ε1111.11111) 11111
111(- goth. 1111), confunditur, 1111111111 11111111 lium 11111.
111111111.

111111 [11111111 corripitur, 11 videtur, 11111111111111111, 111111,
111111 (11111. 111. plan), 111111 (011111. Sam. 1111), 1111111,1111-
111 (Rea. 1,1. 0111111. 919, 11), 111111(0111.1, 91111111 (11111.
1779), 111111 (11111. 1199), 11111(111119.191111.191), 1111111111.
11, 7. mmmm, 11111111. 1111111111, 1111111. 111 1111111, aad.
11111] 1111111111, 1111111,111111, quando 11111111 go 11111
111111, 11111111. 111 111111 111111 1111111 1111 1111111111
191111111111, 11111. 1129. 111 111111 1111111111 1111191111
1111111111111111111111 11111, 11111. 1911. 11111 1111 1111111-
gum 111 11 11111111111111 1911, 1111111111 1111, 1111111199. 111
1111 111111 1191111 11 11111111111111111111111111, 11111. 1991.
111111 1111111111111111, 11111. 991.

111111 (affl 111111, 111), 1)1111)’.111ι11, postquam: 11111111111
11111 1111111111 111111, 11111. 19. 111111 1111 111111111111111111
11111, 11111. 911. 111111 111111 11111 1111 111111111, 111111919,
111111 11111111111111111111111 11111 91111111111111, 11111. 971.
111111 11111111111 11111 111111, 111111. 1999. 111111 11 1111 111
1111111111 111111, 1111111991. 111111 11111 1111111111 11111111,
11111. 1711. 1111111 (111111111111 1131111 1111, Bm. 9119.

ἕψῃ-1111. 111111, 1111111111 1111111111111111111111111111 11111,
11 (d. &tigal-n, Ι. saw, 011. 81, 91. 111111111111, 111. 1131, t.
(m. 111, 1111, .

81 (a 9111111).

1, 1119, {Ma 8111111.
11111111, 11111), adj. 111111, 1111111, 111111,1’1.91,19. r. 1111111111
1111111111 1111111 111111 11111, 81111. 19, 9. 11111 11 god& 11111111,
81111.99,19. mod. 111111. 1111111111.

111111 (1111111), 1111111111, 81111. 9.
-1111111 (11111111), M. 1111111111, 11111. 9, 9. 11111111, 111111 1111.
nm, adv. 111111111,11111111.·11111 ml, coan. 11, 1. pff 111111 11111,

111111. 99, 11.
κ uma 191. 11111111, 111111, 11111. 9999. 1171. suam. 198.
1111, 111. compar. 11111111, jucundius, 11111. 1191.
Ι, -1, 11111. 1111. 11111, 11. 111. 1111. 11. 11111, algol.

1111111, -11, fi? solsequiam, 111111111111, 1111. 19. Son. 91. 11. 19.
1111, -11,1”. solsequiam, 1111111111 herba, 111111.
ι, oue 9111111.
1, -11,11. 11111,1111ι11, 1111111111 111 lma 111111 11111111, 1111111
fumidum 1111111, 111111. 99, 1, 11 111 1111111111 1111191111 11111,
W· 111111111111111 11111111, ma. 8111. Qu,
11 (1111111 1111), 11111111.

 

