1 1118111111881111. 1111.11181.1·88118. 11811-11118111811811. 69)

Ιξ118111181111118118811 11181811 1118.88,18.11111.81811.111881111888111811-
“““ 888 (11,1). 111811.11188181111181)111,118111.88,8. 11811881111111188
’ῑ11818(111818)18111188,11811.18,88. 1118188111111 1188111818181111-
⁸ 88 (81,118). 1181. 1111111. 1118181 1111111111 1188 1118811, 1111111. 18,81 11111.
ιι11181811818(88,87). 8811111811118(81,81). 1111118111 1111188118
'¹ 1818811111(88,88). 811. 811111. 111118 1118818, 111111. 81, 88. 1111188111
1 (81, 8). 811111.111818881811811881(88,11). 11181181888,1.111.11,
87. 1188111111811111811118 1811118 18888, 111111. 8,1. 881. (18111.)
¹¹ 81811. 811111. 111111181811111 111118 (8111· 11111 1. 1. 11111118(ε1118-
18)1111 1118181)(87, 18). on 11188 1118 (17, 88). on Q 181118 (81, 88.
- 11, 11). aar. 1111. 11111111. 11111. 1111 1111111,’1111111,1. 111
⁵ 1111811881 (7881)). 181 1818 (71, 81). 1111. 811118. 11111. 1111111.111ι”8“1ΐ,
11118. 1181. 8111181111. 811111 1111111111 1111818111111111(88,11). 1111181.
t 111ι11188118811111118 nurgum (18, 8). 811. 81811. 1181. 1111111. 11118. 1181
¹ ι8818181111(81,18) 811111118181111, 88111.7,8. 11118 18111111 11811
’(81,8).
⁵ 1111118,811).111111,111ό11.8878.
Ι

88813 18111. 111).
1181118111 (11. 811181), 81111 8881811111.
118811(11811,118181;11811, 118111. 118811, 1181181811). 1111181111,ι111111181111-
181188118811118111111, 881. 888. 11881188 11111 1111 188811 81111 (111811. 81,
18). 1881188811111,88111111 1181, 118811. 18,17. 1188118 8881881888811111-
188, 118811. 18, 1811811, 11811. 88,17. 118181, 111111. 88, 17. C. 11. 111111.
88181 11 mar.
11881111, 11. 881818181111 81ι1 118811 1881811 811118, 8111811. 18, 18,
18. 111188181111181111111111 11111111181,181111. 18, 8. 11. 1118181111.
1188111111, -eu, 111. 8111811181 118111, 881. 18.
1188118111, ·8, 1. 1111111111 1181181111 (88, 87).
1888118181, -11, 11. 8118111881 11111181, 8111811. 88, 11.
*noum (118118,11111181, 1181181), 81111111. 18811111 11811111. 11.
11118, 8111111181 8181811111, 11111111. 11. 1111118. 8118, 111188.
1181111 (-88, 118), 1111111181 111111.
11181181, 11111111 (8), 8811. 18, 1.
111111, 8111. 11118111, 1118. 111111. 8, 87. 81.
1811111188, 1181111811. aridus, 8881.
pyr· (11111, cod. 811811. 88, 88.), -81, 814118111111111181, 881. 118.
111118. 818. 11111 188118118188181111181, 1111111. 888 1111181, 111-
8881111, Cot 88. 11. 88181 1118111811.
111111, ·81, 81. 11111. 811 11111818 11111111, Ρι. 88, 88. 811181181811111-
118, 8888. 17, 8. 811. 1181111) 111811. 8111111 111111. 88111, 8881.
11111181, 8111111118181111, 88111111, 1111111111, 118111. 18. 811118. 8. 0811181.
188, 8.
11118111 (-ι18, 1188), 111111, plerumque impersonaliter 1181181111, 1181
881. 18111111 (ε11111188) 11888 88118,1188111111111181 111111, 881 8,
88. 1118118 181118-18 18111111188187 811111. 88,87.11. 1881.
1181111181.
8111118188 (81111181),11811. 1111181, 8181181. 8, 7. 8111. 18, 18.

1113118111

ιω, 118881, 1118111, 11888111,1111111, 81111 1111811.
How! Ν,118-181,ω1, pega—,et 1111888 11188)(18111111,υ,111111311, ἦ·

,1811 ,sams

 

