’.11111111 111111111111111.1111111111.1111111111111111. m

11111111111, -11, 11. 1111111111,11111 Β. 8111.
111111,111.111111111, Ρ1. 11, 7.
119111 (1111111), -1, s. 1111111111, Pe. 18, θ. cadus. 1117, 11. 1111111111
(11111111.),111.1111111111, 11111. 1788. 1877.
111111111, ·1,Ῑ. imprudentia: 11111111111111111, 11 inprudentia 111,
11111. 1111.

mim (11111,111111, 1111111), 1111111111111 con 11111111111
baim 1111111111 1111 1111111 1111111, RQ 11 1111111111111111
1111111111, 11111111. 1111 1111111 111111 111111 (1. 1111111), Coa.
1111 811, 1 1111.111111(1111,11111111(11111111), 1111111). 1111111.

‚sn (11 111), 1111. 1111111111, 1111111111, 11111111, 1111, cod. 111111.

J 818, 7. 1111111111111111111111111 111111 11111,011111.11,

81. 81111111 11211111. 11111111, 11111111111111. 111111. 11111-
111,1111111, . ,111111 stQ 111.111111111,1111.
simin) 111111), 111111111111, 111111111, 1111111111 per 1111 1111-
111111 111111111111 11 1111111111 11111111111111111) 111111111-
11 1111 11111 1111111111111, pir (1. pit) 111111 111111 11 lnam sige·
(111111 11111111 wige, cod. 111111.18,11.
-111111,111.111111111,1111.· 111 111111 111111 1111111111, 11111. 1811. 111
111111 1111111111, 1111. 1711. 111111 1111111 11111 1111111 1111111111,
11111111.
κ 11111 (pro 111111), -11,11.1 (1, fd) 1111111111, 1111111111 11111111
11111111111111111111111, 1111111 1111111111, 111111 1111111111, Andr. 117.
111. 111111, m. 11111111, 1111111111
1111111 (111, -11), preparare, reclinare: 11 11111111 1111, 11111 111
vigne, 011. 11111. 1111, 11.

sni (= 1111. snei).
NlVAN (1111,111111, 111111) et 111111, 111111), 11111111 111 111111,
111111. 18. 111 111 111 1111 (= tigne) 111 111111111111111, 11111.
8111111, 17. 111 1111111111, 111111 111111 (111111).

11111111 (-11, -11), 1111 tepere, 111111.

1111, -11, 11111111 11111111 11111111, 111111 1111111 1111111111, Ps. 111,
8. 1111111111 111111,1’11111.111,18. 111111. 1111, m. 111. 11111,
11111,11111,11.
111111111,1111“.Γ1111111111111, 1111111. 111111. p. 111.
11111111, adj· 111111 1111111111, R. 18.
11111111, 11111111111111111. 81111. 71.
111111 (11111, 111111, 111111), 111111, amputare, 11111111 (11 111111, 11-
11111, 11111. 11, 17. pit 1111 mago 111111 111 11111111,111111111111
1111111111 possint, 1111111. 18, 7. 111111 1111 11111, 11111111, 8. 1111.
1111111 (111111). 111111. 1111111 (11111).

1111111 (1111111), 1111111111, 111111.

1111111111 (1111111 11 1111111111), 111111111,1111111.· 111 vide 111,
111111 01111111 111111 1111111111 11111111 1111111111 111 11111111111,
Mo. 1811.

11111111 (1111111111), amputare, 111111. 111, 11. 111111,11111.11,17.1).

1111111111 (11111111, 111),111111111, 111111.

11111111 (1111111111), 1111111111, 1111111, 11111. 81, 18.

111111111111111, 111), 1111111111, 1111111111, beo. 1, 8.

1111111111 (1111111111, 111), circumc, 1111. 1,11. 811. 17,11.

 

