qm 0 ..111111 111 1111111111111111101111.1011110111. Μ

1 (netad, .-11, 1111111111, oecumenem, fleu. 41, 11. 1111110, 11. 011.
111111, n. 1111111, 111111.
1111111111, -11, 1. terra, 1111 1111111111 111111 dedit, 11111111

1111.
, 1111111111, -1,Ῑ. 11111111, 1111111, 1.. comt. W. 11101, 1.
,1111111 (111-11), vestire, 11111. 1, 10. 11111111111111, fleu. 41,
. u. 111. 1111111.
1111111111, 111111111111, Gen. 1, 11.
1111111111, devestire, 11101 17,18. Maro. 11,10.
1111111111, 1111111111111, 111111, 11.
1111111,-11, 1. (1111111111,-11,11.)11111111111, Β. 11. 80.
1111111111, -11, n. culter, 111111.
111111111 (-111,-11),1111111111, 1111. 1111111111 (111111, 11111-
11111, 1111111111).
1111111111, 1111111111, 111111. Anat.
benerefidjan, 1111111111, 111111.
· 11111111]11,1111111111, 11111. Anat.
⁸ 1111111111, -1, Γ. 111111111111111111111, 11111111. G· 11111. 7,
18. C. 11.
1111111111111, -11,1. scalprum, 11. 1.

sert (= 1111111111.

11111111 (1111, 1111111, 1111111), 1111111111. mod. 111111 (11111, 111).
111111111(1111111,111.), 11111111. 11111111, abdicavit, 011. 101.
psalm, scnmu (11111, 111111111111,1111111111, 111111, 1111111-
m: 1111111111111111,111111. 111. men 11 111111, 111111 1111111111
11111111 1111111, 11111. 111. 1111111111111111111111111 1111111 111-
1111, 11111. 1111. 11111 1111011, 11111. 1111. 1111 1111 11111,1111111-
1111, 0111111111. 111111111111, 1111 1111 11111111 1111 (1) (111,
11). 11111.1111111(111111)1 111.1111111(11111). Euam 1111111111.

interdum 1 111 ascribitur.

1111111111 (1111110, 1111111111, 1111111111, 111111. 111111. 1. 171.
1111111 (11111111 forsitan 11111111101. 1111111111111111111, Son.
111111 (111111, 11111, 11111, 111111), -11,11. 1)111111.·11111111,11-

1111 111111, 11111111111111111111111, 111111. 111111. 1. 111. 1)
basterna, 111111, cot. 11, 11.

1111111111, -11, 11. 111111, Rom. 11, 1.

111111111, -au, 11111111 111111,11. 11.

,Qum (11111, 1111111, 1111111) , ’11) radere, 11111112) 1111111111
1111111111111111111110, 11111 111111. 181. 111111 11111111, 11111

m 11111, 111111. 111111. 1. 111. 1)1 11111,11]111111,1111 111. 111
110 111 1111, 1111111 1111111111 notham. 11 11 1111 lange

111 1111111111 111111 11111111111,111111 1111, 01111. 181, 11. 4) 111,

1111111111111111, 1. 11111111. 1111. p. 11, 11. 1. ecce. 11. mus.
1.111,14. 1111111111 111111111111111111111111. 1111111111
1111111, 11111111. Wilk. 1. 111, 11. 111111111111 (111111, 111), wri-
&1:me (1111111, 11111111111111111111, 111111.

:Raetiam (11111111, 111), condemn, 111-,11111111 111111 11111111·
11111111111111 11111, 11111. 111. 1111 111 11111 1111111111 11111,

1

1

 

