1. ,onum υ..
1011011001,-’0,Ι[.ΜΜο00100, 10100. 117, 1.

1011010111(- -0011), -00, 0. 1110101010, Bia. 1, 7. 1101000, Cot.
001011010111, ·00, 0. idolatria, 110000.
1011101110, adj. diabolicus, 111001. 19.
1011010010001-0010001), 0. plur. 1000100010, 1000.
1011010010, 011. daemoniacus, 11011011, 11.
10110100100000, -0, f. daemonium, 110110. 8, 11.
10110101000,·00,00.001001101011000, 00100111, 11.
*onom (1010,10000, 10000), 000001.
1010011 profundus, 101. 1, 11. Pe. 11, 7. 00110. 110000 10
11001. 1101.
001010, adj. 000 0000100100, chron. 800. 1117.
1010110,010’.000[00100,1.. 11110. 000. 1⁰.
.κ’10101100,010. profunde, 1001101, 1. 10111. 1.
10100000, -0,Γ. profunditas, 0100000, 111001. 11. Pe. 11, 1.
1010000001, adj. 00010001011000,1000.
001010000001, 01].01010000010011 1000011, Som-
10100, 010. profunde, 60100111, 11.
10100 (1100),- 00, f 00000001001000. 10111110 0011000, lm
1010100 (· 110, -111, 1000000000, 100110000.11001.10..0110..
1010000, -0,1. 1000000010, Sam.
10000,11000(-00,·01), 1000000000,1001100οι,110000. 1100
0011. daupjan.
1011000, 1000000000, lave.
100000 (10010, 1001), 100000000οι0 10000 1110110000, 100. 1,17.
11001. 11, 11. 011. 1110100. 011. 100000. 00010 01100011ομ
11, 11.) 0001111000 0001. 10 110.

ΙΙ [2 L...] ΙΙΔ.

 

