8818 vammum 8818. bron. 8818. 8818. 8118. hmo—hrot. 8888.

81881888 (1118888, oet), tanam, 18818. 8,18. oon 881. 818888 88 8188
solmon 818888, 88881888. oum 888. 88 818818 8188 8888, 81818.
8,18.
18888881888818, 881.), 1881888, 818. 8,18.
88881888 (888888, 881), tanam, 88888.
8818881Ῑ1.188188, 88188. 8.
888888, 88].18888. 18888. 888181.
888888 (88, -88), romare, geminanda. 88888888) uid 888888,
81818.18,88. 18888. 8881818818881888.
88188, -88, m. 1881888, Sola. 8.
8188188, -88, m. 188188, 81888 Α. 188.
8818, -88, o. 8881188188.
8888188888. 8888188188, plor. gemino, 8888.
881888, gom-ineo, port. 18881. 188188.
8888881888, 8888188881. 88888188, 888. sm. 888, 88.
8818888888 1881888888), -8,«1. 188188, 888. 8,18. ,
3888888888, -8, ’1. 188188, 818. 8, 81.
8818, 88188188, 8188 818, 8188188. ”
8818, -88, o· 1888888, Cot. 88.
8818881, 88]. 8818888, coo 188.

1188 (Moto hro).

' 8888, -88, m. 888888, 88888188. 88 8818 81188888 88818 888 88188888 88888
’81388188 8188, 8888 8881888888 1881188 81 1888188 oraculorum 888888811-
8888888,1’8.188,18.1888888888.

8881, -88, m 8888888,1881888 81 88888888 loono 8881, 18818. 8, 8. buo. 8,
18. 8888888188888188,8888881818.

8881881118 (— -8818818- -88, n. 8881818818, 088888. 88, 11.
8811111881, -8, 1881818818. 88.
8881818818, -88, m. commutarim, 8. 8. ⁰

888188 (88,-8811811888.

88888188, 181888, 818.

8881888888188, nom. 88818, 08888. Sao. 888. 8881

8811888881. excreatio, 11188. 8881188. 81. 8888 81 888888, 888 81888 ¹
hreoung, 888 88888.

8888888 (8881888881), -an, 1. 8811888, Cot. 8118.

8888, -88, colos, 88888.

88888188, -88, o. 818118, 8. 11.
hrot, odjmw, 88818. 81, 8. 088 Boon. 881818. 81118188, 8888. 8881.
888888, 88].888188888, 88818. 81, 8.

8888, -8 ,1. 888188, commotio, oblectatio, 88888 818 8888 888888 888188
to 88888, 8888. 8881. 18888888888, 1. motum- 888. 8888, 1. brom!-
8881888188, 81818188.

888888 1· -88, -88), 8181888. 8888881118 188 vindo, 81 888 hrono, 88818
88, 1. bor. 8888883 18888. 88888188.

, 8888888, 8111888, Bono.

1188888888, 81888888, Bono.

18888888, 8111888, 88888. 81. 88888888.
81888888, 1818881888. 18, 88.
8188881888,88118888,88881888, Cot 88. 188.

 

