'wo 1111111111 1111111111. 111. 111111. 11111111111111. 111.

11111111, 11111111. 71, 1. 11111 1111, 111. 19, 8. 1111111111,.111.
111, 9. 0. 1111111111,(1111.17,11. gemmulis, N. 11. Vox
’ 1111111111111111111111111111 scribere 11111111, sed 111 altera
lesowes = 1111111111, et 111 1111111111111, 1111111111, 1111111111,
111111111111111 (11111111, 181) 11111. vox 111, lanificium,
vocalem 11111111 defendunt.
11111111, 1111111 (-111, 1111111111. 1111111111111, Gen. 11 , 1.
1111111111,11111.8, 99. 1111111111, 111111, 11.
1111111111 (-111, -111, pascere, 111. 11, 17. C.
11111111. 1) 1111111111 11 vacuus. 1111111111.
1111111111. 111111, Sam. ·
11111111,-1,Γ.11111111, 11111. 1, 8.

1 11.
, 1Ξ11ξ1111811ἔ111, 1111111111, 1111111111, 1111111, 1111111111,111111.11’111

sm ,,.
[1111111111. fl
1111111,11ο11111,11111111111.
1111101111), 1111 LINAN.
1111111111 (1111111111, 1111111111, 1111111111, 1111111111, 1111111811.
1111111111 1111111.

1111111111, vide. 111Ρέ1.
.· ,,,, . .
s l 1113111111).
1111,11111111.
1111111, vide LINAN
11111111, vide 1111111.
1111111111 11 1111111111,1111111111,111111111,1111ιί111111.
11111111 (-111,·111,111111111.111111111111111111111,Ρ111111.71,9.1111.
1111111111οώ 1111111111 1111. 111111, 1111111. 11111111 1111111111. 1111111111.
1111111,-111,111.11111111,111111,1111111α111,11111. .

···- -mcoAN 11111111,1111111 (mg, Negon, lagen) 1) Jacere 11111111 11
11111111111111,.111.19,1. NJ 1111111111 11111111,.111.7,111.11111
111111111111111181.1111111111111111111,0111. 1,1. 1111111111. on

,,,1111111111111 111 1111111,(1111.11,11.1111111111,1111.1,11.11. ta·
1111111111Η11111111, mperare, 11111111 111 111111, 1111111-
Μινι, 1. 1111111.1111.111111.1111.11.11111111 11111111811111.
1111111 11111,11-,1111111111,1111.1[1”1“οιῖ1”11111”1·111.1111111111.
11111111 (11111, cet). 11111111. 111111 mannes 1111 1111111 11111 , 111111.
18, 'N
1111111111111, 111111111111111,1111111111.
11111111(11111,111.1, circumdare, 111. 7, 1. 11111111, 01111. 11, 1.
, 111111,-1’111111.11,11.
1111111111 (1111111, cet), fornicari, 1111. Gutta. 1.
1111111111 (going, 1111, 1111111, 81111. s. 1. cessare, 0111. 1, 11.
’ κφ1111111111111111,1111111111. 1111111111 sint 1111111111 mid 11, mid
vudum 11111 mid muntum 11111 11111 1111111111, 1111111. 18, 1.
1111111111 (1111111, 111), adjacere, 1111,11. 7.
1111111, -11,111. 1111111.
1111111111, -11, 1111111111, Nom.
> 11111, 1111111111. 11. 11111111.
11111111, 111.1111111111,11111. 11, 99.

 

