11111 1111 11 11.-1111. 111-11. ⁵⁸1

11111111, tenere. 111111111111, 11111111 11111111, 111111. 1, 11.
1111111111 1111111, vain. 111, 11.
11111111, haere, 111111.
; 11111, -1, f. 1111111, ime.- 11111 nino 1111111111 meo 11111, 11111.
· 1,1. 111 111111, eirenen 1111111111, Ρ1. 111, 1. 111, 1.
,Ι 111111, -11, 11. tector, 111.
“ 111111(1111111,1111111, 111111), -11,1. 1111111, 111. 11,11. 11. 111. 1,
11. 0. 111, sanic, coi. 111. 11111111111 hin 11111111 11111 1111-
11, extitit 111111 1111111111 11111 1111, Bia. 111. 111, 11.
11111, 111. 111, scot 11, 11. 1111. 11111. 11. 11111, 111111111111.
11111 (1111111111111), 1111 11111.
fir, ’Ψ Μ·
1111, 1111 11111
111, 111111, 1111111111, vide 11.

11111111, 111111.

Pe (= 1111. lm).

1111111111, conj. 1) Q 11 111 111111 11111 1111111111111111 aui (11)
111111111 11, 11. 111111- 11,111111 - 11. 1111111111111111
111111, nim 11111111111 1111111111, Gen. 11,1. 111111 11 111111
11111111, 1111. 111. 111,11. 11 - 11, aut - 1111, utum - 11.· 11 11-
11 uice-a 11111111 11111, 11 111 gueli 1111, aui 11111 felicitatis 11111-
111 111 felicitae 11111, Baeti. 11, 1. 11 nid 11111111, 11111 11111111-
11111, nim 1111111111 11111111111111, 1111. 111. 111, 11. 1111
nien, 1ο 11111111 11111, 11 1111111111, 11 11 morgen, 11 in vespere,
111 in 111111 wite, 11 111 1111111111, 111 mne, Mare. 11, 11. 1) quam.-
11 11111111,1111111111 11111, 111111.111111.1.111. 111-1111111111

quen, 111111. 11,1. 1111. 111, 1111. 111111. 1111. 1111 11. 1111.
[sig 111,11111,1111,111111,111,1111111111.1111,1111. pst ,,
[ww oemio, 11111),11111111111111111 imponere? 111. 1· , ,· 1]

11111, 1111111111 inpium.

1111111, euenum inponeret Coei. 1111. 111, 1, 11.
m.. (-111,-111, nimie 11 111111, Diat- 1, 1. 1111111113 111. 11111,

11111111 111. 11111, 1111111111.

pem. ,11. umus. 111111111111· 111 11. cf. 111.

1411111111, -11, a. 111 ee 1111111111 conpacta, 111111. 11, 11. .

me·- 11111111), otae 111111.

, 111111, 111. inni.- 111111 111111111111, 01111.17,11. 111111 11111
11111 vomit} 111111, iun 11111 1111111 1111111111, iuditia. 11, 18. 11-
111, 111 11111,1111111ο1111111111, 11111. 11, 1. iniereat 1111111
11111111111 1111111111111111111111111111, 11111. iiii. 11111. danie,
qum 1111. 11111, 111111, 111. 11. 111, 11111.

1111111111111111.

111111, 111111, 1111 Pentri.

111, 1111 (ιι 1111111111. 11, 1.
111111111, 1111 11111.

1111111, 11111111, 1111111.

pune, 1111 1111111.

Pia (ε 1111. 111).
11111- 111), net 111. 117, 11.
inii 11111111 meon, 11111111, vtae 111111.

 

