Μ Vocaahhqualsincipm punpm &MN-M

44444, 4444444, 4444 nomn.

44444, 444. 444 4444444, Nom. ef. 4444.

444 (eo 4444), 444. 444, 444.· 444 444, 444 4444, 44444. 1, 14. 444 444 a·
4444444, 444 444 44444 decet, 1444. 4, 44. 44444 444, eum nup,
444. 44, 44. 444 44444, 44444 44444, 44444, «144. 8, 4. 444. 444444
444.

444444 (444444, 444444, 4444), 444. 444444 4444444, 44444, Me. 4444
44 44444444 444 44444444 44414444, 444 4444444444· et 4444444 4444

44444, Boea 44, 4. 444 44414 444 4444 44444444 4444444 m,
44444. 48, 4. 444444 44444 44444 4444, flare. 4, 8. mo (=pjlt)
forsitan 4 441444 (= 444444) sejam 44444, mm 4444 ex 44444-
44444. pron. 444) 44 444 ortem 444444 potest, quo 4444 44444444
444444 444 444444 cohaeret} cf. hvyle.

ΡΥ (² 4044· 4444 444 W·

44444, 4444444444, 4444 44444.

4444, 44444 (mel. 4444, 44441), 4444 444.

4444444, 44444444. ·

4444, 4444 444.

4414, 4414444, 441444, 444444444, 4444 441444.

Ι 4414444.4444444441444444444444444, 044 444. Son. 4444444444
oratores 44444 4444444 4444444444, cf. 44444. 4444. 4444. 444. 4444.

4444, -44, 4 4 44444 4444444 M 444 44444 (= 444444, 444444) 44 44 4444
4444, 444 44 44 444 444444444444 44444 444444444444, 444 44 4444 »Mu
4444 4444444444, 4444444444 444, 4444444. 44, 4. 44444 4444444· ;
444444 4444444 44 4444444444 4444, 444 444 444 4444 (l. 4414), om 4
4, 4.

444444, 444444, vide 444444, 444444.

444444, 4444 444.

444414, 4444 4444.

44·,4444 vide 44440444.

44441444, 444444, 44444, 444444, 4444 mm.

444444 (44444, 4444), 4444444, 44444444, 4444 4444.

44444444, -4, 44. ’44444444 (448, 444).

4444, hymen, pyrniht, 4444 4444.

44444, 4444 mam.

4444, 4444444, vide PEORSAN.

4444444, 444444444, 4444 4441844444.

ἢ

4444 (44444), -44, 44 et 4444, -44, Ι. 4444444444, 044 Neon 4844. 444,
7. 4444, 4. male 444444 4444, 4444, 44444, 44444 sentitur. 4444444444·
ἐειῒυάίύιίῗί, ,44444, 44444), 44444444. cf. 444. 44444, 44444, 44444. 444·

444444, vide 444.
44441 (vel 444444), -44, m. 4444444444 4444444, 444. 44, 44. 1..

44444 (vel 4444), 444. 4444444444 ‘W-wss’ss‘lssmffl· 44 444344.
hg rn(v·e:ng:1·›iaefficonumeue‚ 44. Rem.
b 444444, ,44444 44444444, adjutor, 04444. 448. concentum, 44444.

44, 44. tm
4

 

