’199 mammonam 991. Vis Γ)

91991999191999, -9,1. 9119199119, inimicitia, 119911. 21. Post.
99, 9. 199 adversae, 11991129. Boo. Sm. 992,17.
1199119919, odo. illorsum, 1919199119, 1191919, 21. 199. 19, 7.
119919991999, odo. istoriam, 119911. 29, 9. .

· -- 99911 (voro), et 999119 (91119), acii. 911999. of. 1911991119, :
199191, ἄξιοςς 11991111, 9. εἰρήνης gagavairlojan, 9919119111991. 19911,·-,
119911. 27, 1. 28. 91119,Μ911.8,8. 19,11. Gen. 1, 19. Booti. 99, .
9. compar. 9991119, 99911191 911119,111119. 991911. 99911991, 1
Booti. 21, 9.

1199911, 991. 19911999, 91119, Booti. 27, 1. 9. 99, 1. 0199. 2,
9. 1, 7.
99911119 (9111119), 99119991991119, boo. 9, 8. 119911. 99, 1.
1199911119 (1119911119), adj. 91119, 9991999199999, (11999, 9.
1991111919, ado. 1999199111191, 19999. 19, 9.
1111111199, ado. 1991199, Oros. 9, 9. 9191191911.
99919991999, -9, s. aestimatio, 119999. 9. 1.
999111999, -9,1. 91191199, Ρ99199. 11, 19. titi. 999. 999, 99.
19999111999, ·o, 11991191199, 9111199, Ρ991. 17, 2.

κ..- 99911 (9111, vffl -99, 9. 1)11911991,99191, 11999. 21, 99. Gen. 21,
2. 1199111, 29111999 991199 91191,991199911911919 accipere, 999.
29, 9. 19 19111911 999119, 1191929, 9. 19919191 1191 9111, 11999. 21,
99, 2) 19991, 91191199. 19 91119, 19 tonorum, 1.. conat. 1191.
praes. 91199119 1911, 19 199919 9999, iiia. Son. 919, 9. 91191.
911199.

9199911, -99, 9. 1199191919, 119119. 82, 19. C.

Α 999111911, adj. honorio 119999, 19119191. 9999911991. 29, 98.
9991119999, odo. honorabiliter, 119911. 17. Oros. 9, 99.

9991119911, odi. 1999119 cupidus, 119911. 11919111. 192.

9991911999, 911. 119111991919, lifr- 11. som. 92.

99911991991999,·9,1. a 999119,1199119.79,12.’. ,

. 9991119111 (91111111) -99Γ99191191199 911 loo 91191111,
1999119. 9991991199 9111911199,Ν919 21,11. 99111111·
9911 9119999999191, 19.
,· “ 9991999119,-99,99.19991, 119911. 21, 1. 191. 1,11.
119991199119, -99, m. 1999999, 119911.27,2.

19911111 (-999, -991, 1) 19991919, 19991911. 99119 99 999191 99119
19999919191, 19.99991.Ᾱ191.11’. ρ. 119. 9) 91991991999199
91111119 99911191, 1999292. 9)911919, donare. 19199199991999,
(99919. 219, 9. 19919 1191991199, eadm. 99, 19. 119 9991199 99919-
191, Booti. 11, 9. 99911999 1119 9991111199 mid 11191111 velum, 119911
28. 9911191, 19999.18,29. 9111111991, 099999. 228, 21.

9119911191 (-999, -99),11911119919, 0991. 11919.
. 1999911191, 19991919, Boeti- 11,19. mio 991919 1999919999,
099919.199,1.
1119919111, dehonorare, 119911. 7, 2. Post. 97, 2.

99911919, -es, m. cultor, Joi. 1, 29. 0.

*i* veoriung, -e‚ 1. 199919119, coitus, 19. 1111. poi. 99. Leo. 22.
9911111999, -9, 19991911οηί9 19999, Leo. 1, 1.

vorti (999111), -99, m. 1119991919, otono, 119199, 11111. 11. Soio. 8.

Mati. 9, 912, 19. 0. ovium, 91911. 99, 99. G. 11919. 11, 91. 0.

 

