V. 1 11111111 1111111111. 1111 1111. 11111181. flandr. 111111. 11111. 188

8111113111111111111, 181111.
1111111111, emollire, 181111.

Η111 (= 91181111).
111111 (1111111111), 1118811111111111, coedm. 171, 8. 1811131111.
11111111, 11].1111111, 0111111111. 888, 8. 888, 88.
1111111111,1181. 1111118111,1111·11, 01118111. 1118, 88.

1111811111 hui).

111111,Ῐ -1,Ῑ 1111(-.(111),18 8801818187.11111(-111),11111.18,11.18.
HN ΤΔΝ.

J·

1111), Hnu (= 91811 11111).
111111, -11,111.“1118111111,8. 88. 111811.11111111,1111111111,111111111.
11111,-11,111.111811,Ρ1 7, 17. 881111.11111,1118111111.
1111111, veae 1111111111.
11111111, 181111111168111.
huot, 11111 1111181111.
111111 (1118118. 11111,]“11181111,18.18.11181041811111ΛΘ1. 881118.
11115811.111)·8181,18.

1111111811, -11,11. 11111 11811, Ν111.17,8.

11111111,-1-1, s. 1111111111811111, 181111.
hnygele (111 11111118), -11, fi? (111 -11, 118), 8111118111, 18. 81. coe 188.

Η111 l: 11181. husi).
11111111 (-81, ed), necare, llsr. ar. 81. et. 811. 11111151, 1111311, 111181-

11. 811111. 11111111, declinare.
hnaegan (-111,-1(1),111111111, Ille. 11. 88, 88. 1181818311.
lmaegung, -1, f. 8111188111, 8181. 11. 1.

11116 (= 11811 hniu).

1118861111 (111111, 1111111, 111111), 1111181111111111111, 11111111 1188.
11111111 (11811,118),8ή11111.

11118111 (11111111, 118), carpere. 11111111 811181 (8111181) emm
1111111111, ew arbore carpsit [11118111 promum. 918. 91.188,8.
11111111, -11, 1111181111, Sam.

111116111111111, 111111, 111811), labare? 811.1111881(111118,118.),111-
8111111111111811111118118811.111811,118111111111,·11111,1118111,·11111,
1111111111 1111111111 111811,11118111,11111811·1, 118. c!- 181111. 11111111.
811, 1111181111 1111111, 11111111111111, 8111111111.

1111111181. mutilus, 11111111, 8811. 11. 8, 8.
11111111 (-11111, 811), tundere, quaesere. 11 me 11111311 houm 1111
(818111, 1111111111 11111111111 1111811111 11111111, cod. 111. 888, 18.

1111 (= 11881111). ’
1111111, -11, 1111181118 1111111, -11, fi? frons, 8111. 811. 111811, 11. cor.
1811181111, pinnaeulum.
11111111111, adj. 8118111111188181, 018. 18. 88.
{mim (1181, 111111, 11111111),1111111111, 11118111. 1111 811 11111 111311
11111111, 0111111. 888, 1. 111111111111811, 181111. 88, 81. ,1111311111
nid 1111111111, 01111111.18,1. 1818111111 1111111111181111111, Cedet.

117,18. 1188. 1111111 (111111, 11811 811111. 1111111 1111111, οξὲῇι. ·

 

