199 9 91919919 impiam. 99991.9999999999999999999991. 1119

99991999, 9,1. 99919919, cmo-moa, 1919999.
1999999199, -9, 1. 99919919, perplexitas, Loo. 11, 99. 11.
99991919999 (999919999, Po. 11. lo), -9, 1. 9991991919919999, Som.
99999919999, -9, 1. 99919919, 11991, 91. 1911.
99999919, ·o, 1. 99919919, 999911 99 ou 1911199 991999 99999919
99999 9999999, Coa. 11999. 999, 91.

999999, 9119 9111110111.

Ι11999,99199999,9(1919991 (9919, 99919, 991999, 9991999, 999999,
9999999), 999999,19119999, 1999999999. 9991999119919999919919199-
9999999 19191, sonmo 99199 pro 9111111111 99911999 991. 19 1919199
9119 999999 (ει 999999), forno 991 oreo, 11199991. 19 1919111991
99999999919119999999119119911 9991, Ρ9. 91, 9. 19 91111199 99919 9911
191 19 9991919999 [ormont 999919 outo 9999911,119911. 99, 1. 991199-
999 999999 991999, nomen 1999, nominare.- 9919 him 11999199999, 19-
11191 nomen 119991 11919199. 999 olm 9999 9999999, 199199. 9,11.
11991. 999199, 999199 (99991, 991.), haurire, 199999, errore, 1999999999,

1999999,19999999 (19919, 199919, 991.), oreore, formare, 119999.

-9199999999, 1999999999 (1999919, 991.),19999199999999 991 11999119

199999191999199111911199, 09199.11,11.1199119 99,1
99999999, 9999999199 (999919, 991.), formare, 999999,199999999.· 19 ge-
9919 119 9999999, 99199999919 11 9999999999, Gen. 1, 9, 11.
99999991 (99199991, 99999991, 9999999991), -99, oo. ortator, 119911. 91,11.
999999, 9991. 9999199, tommo.
9999999999, 9991. noo 1999991199, imperfectus, Som.

9999999199 (99999999999), -9, 1. creatio, 9999.

Χιε99999999199 (999999999999), -9, 1. creatio, 11199999. 1.
9999999, ·9, 1. 9999119.

1999999999, -9, 1. 199991999999, 99999999 99119, oros. 1, 1.

99999 (9919), -99, n. creatio, 99991999. bor. 91919, 9. plur. 1919.

ι. 19999999, ·99, n. 99999999 acuo, 119999.

»999999 (9999999), ·99, n. 9999119, 111911, 91. 1191911991119. pl.

99999999.1)199999,991919119919,191999911.9199999919,
»9919919999 1,19.11991.91,1.119,1. 9)999991919,1’99199.99,
99ῗῖ9ῗ99
9999991911, -9, 1. Qooofftotom, 1199999119, 11919. 99.
ς9999991199,919. 9919, 119δῖ1, 19.

-99191, -99991 (1.9. 999911-99, m. 199999, modos, 99911119, oon 9191
19 999999911199999999911, 9. 99.19919199199, 9991911199 9999199199, 919·-
199 ummo-m decem ε91999999199,99991119999 hlafordscipe, domi-
991199 191199199, 9991119 199199199, territorium 1199199199, profectos,
191. 11991. 99915 99191911. 991911.

99999399 (-119,·11), oreore, formare.- 19 99999199, oreo, 1.. 0911. 991.

19.

99991, 911199999199, 19 9999991199919919991991199, 91. 1911999911, 9911-
soom, 991.

999911, -9,1. mercatura, 11911111, 9. 191 compositione 99999 occurrit, 9.
9991919999’,99199919919999999919991999 1999999911,9919999,· 999191·
9979119, mom 9919999911, 9911911999, 991.

11999911, -9,1. 9999999999, Bolum, 11.
mom, -9,1. 9999119, 99991999, 1199119111. 1199911111. 11, 9.

991 9119 99999911, torro, 1999199. 11, 11. 19119 999999ὶ1918 9999199,

 

