111 Voces 1 11111111· mm. 1111. 1111. 1111. 1111. 1111.

11),1111111111111 11111111,111111111111, 111. 81111. 111, 18.
1111111111, L. 811. 11, 1, 8. ΧΗ, 8, 1.

’Ὦ 11111111, -1, 1111111111, ubido, 1111111. 111111 11 1111111111,
· 81111. 81, 1. 111111 nugonem 1111111111, 81111. 18, 1.

umjn (-11, 11), mm 111111, 111. aa, 11. 111. or, som.

11. [1111111111. 0!- 111111111111111111·
“ 11111111,·11,11.11111111, 8111.
11111111, -1, Γ. 11111111, 1111. ql. 8111. 18.

11111118 (1111, 111111, 111111), scalpere, 11111111. 1111111111 111111 pe,
buc. 1, 8. 1111 mid 1111111111, 11118, 8, 8. 8111111111. Ptolomeus 1111
1111111111 1111111111111111111 111111 111, 81111. 18, 1. (11 (1111
ymbe 111111, M. 18, 8. 11111111, 111111111111111111μᾰκῆ1111,
11111111) u 111111,111111111111,Ρ1111. 11 Pae.

1111111(11111,111.),1111111111,111111111111,811.1,11.0111.1,1
1111111111 (1111111, 111), 11111111111, 1111111, 8111. 1111111111,
8111. 1118.
11111111 (111111, 111 ), 11111111, 11111111111, 811111. 81,11.
1111111111 (1111111111, 111), 1111118111, 811. 811. 181, 11.
1111111, -1, Ι. 11111111.
1111111111, -1, f. 1111111811, lanc. 18, 11. R.
1111, -11, m? 1111111111, 111111, chron. 811. 888. , ,
Ν μ1111,-11,1.1111ρ1111,.Μ111.1111118. ' ’
1111111, f. 11111 11111 1111111111, Cot. 178.
11111111, -11, 1. 118111 11 qu 1111111111, mr. 18. Any.⁴
111111,11111 11111. 11111111.
11111111, 111 11111111, 81111. 18, 8.
1111111111, 11111111111, 18111011. 1. 1.
1111111111,11111111111, 81111. 18, 8.
1111111111, -1, t. scriptura. .
fomitem, ιο, f. 1111111181, 81111.
111111111111, -1, f. 11111111, 11111. 11 Nat 8111.
1111111, -11, m. 111111, 11111111, 81111. 18, 8. 11111. 8,1. 1, 81.
gemtem, -11,11, scriptor, 811111. 11. T.
1111111111, -11, 11. mandamns, 111111. mes.

vnis‘AN (1111, 111111, 111111, 1111111111111111, 111141. 18, 18, 1111-
1111111111111111111. he 1111 mn 11111, Lac. 11, 14. aen. 11, 11.
(1111111 1111111111 1111111111 111111111111111111111, 811. sm. 111,
18.11111.11111(1111,1111111).

’ 11111111(11111,111)1)11111111,1111111111111,818 1, 18. 8) 111-

vere, 81111. 1. 1
11111111(111111,111),111111, 81111. 1. 1
1111111111 (1111111,111),11111111, 81111.
gezman 1111111111), 111111, 811111 11, 1. 1.
· 11111111(111111,1111, 8111111111, 1111. ar. 11.
11111111(111111,111),11111111111, 01181.11111111,1111111, 1111-
1111, 8111 Ι, 111111. 1.
11111, -11, mi 1111118111.

“⁵- 1111, 11] (111111, 1111111.) meus, 1111111111, iratus, ac-

111, 11111111. 11111 11111 (1111111311 111111,(111.88,111.

111111 mo, Um 11, 11. 18, 11. 1111 vis god 111111111-

1111,ίί111.888,1 1111111111· 111111, 01111181, 8. luuh

 

