1116 V. 1 initiante mci'p. 1111111111. 111,. 1111111111111. 111.

11111111,111111(1111, 111), porculam, 11111111, 1111111111. 1111
11111111.
11111111 (111111, 1111111111111111, 0111. 1,1. timi. 11111111.
111111 (1111111, bue), ,1,1. colatorium. 111111. 11111, f.
κ111 (11111, 8111.),·11,11.11.1 111111 11111111, 1111111, 11111, 1111.
11111. gesig, 11. 1. 1111111111. 111. 1111, 11 imm 111111
11111311 (111, 411), penetrare, Ρ11111, 1. 111. sim, 11111111
llum. 111. 11111111.
11111, -1, fi? profluvium.
11111111, -1,1.1 1111111111,11111111111 1111111, Oros· 1, 7. 1111.
1. 811111.

*sibim (gu, 11111, 11111), 11111111111111111 cf. 11111. 1111, funis, 111
11111111,11111111,111111,· 1111111111, 1111111111. Silingi, 1111. qai
(iiqati, 111 Semnones, i. 1. 111111),· 111. 1111, 11. 1111 1111111 1111,1;
111, clupea 11111, 11111, armum,- 1111, euicui-e,- 1111111,Ῑῖ 11111111,Ι 11-
lum, truita, 111111 11111131, 111111, 1111111111. cs. 111111. 1111-
111111 111, 111,· mcc. 1111, runis.

11111111 (111 11111111), 1111. epulam, 1³⁸. 17, 1. T. cr. cynhel (111-
111111), 11111. 1111, sulcare, 1111111. 1111111111.
111 (1111),-11, 11.11111,1111111111 11111 11111111 111, pmii 1111111
1111111111, 011111. 11,1. 11111111 11111, Gai. 1,101. 11111,αῶ
11. 11, 111. iegl 1111 fist, 11111. 18118. 11111. 1111.
f 111111 (-11, -11), loro 1111111 11111111 1111111, 11111411. 1111111
’ 111111111111111111,11111.1811. 1111111.111111]111,χα1ᾶ1.
1111111, 1111111111 1111111111, 01111. 111, 18. 11111111 111·
lei, 01111. 11111·
· . 11111111, 1111 111111, 111111111. 011. Exin. 111, i.
1111111111, solvere, 111111. 11, 1. 11.
11111111, 111111, Μ111.11,1.

κ, 111,1111111.1111. 1111, a, 111. (1111111111111111111111 1111111111 1111·
111,]11111. 111111. 11111. 1111111111 11111111 sinum, 0111111 111,1
111 11111111 111111, 011111. 11,11. 1111111 1111111 111111, 0111111111
1111111111, 011111. 111, 11. 11111111 ninum, 011111. 111, 1. quii. niu
1111111111.

8111111011, sipon, 11111), stillam 1111111, Sim. (rium, 11111111,
8111. cf. 1111111111. 111111,111111.

1111111111 (111), aij. 111111, Pani. 11,1.

111 (1111111) ei 1111111111, vide emm.

2- 111111. 111111 1111111111 111 occurrii, compar. 11 superi. leynam, 1. 11.
1111111 11111 111 1111 1111111111 1111111 11 migne, 111111 111111 itm
infertilitas 11 quomque 1111111111 1111111, coa. 11111. 101, 11. ii 1111·
11111,1111111, denique, b. 11. 18. 1111111 11 Qeiijgs iejge 111111

’ 111Ῑ11111, 111111 denique 111 1111111111 1111111 11111, 11111. 1111. 11·
peri. 111111 1111111111 1111111111, 1. 11. ii 1111111111, 111111. 81, 11. 11111.

1,11, aviii. 1111111, 111. 1111.
111, 111. compar. 1111111 1111111 111, 11111111 111111, nno& 111
1111111 1111 111111 111111, (1111111 111 111 111111 gelenio, mi·-
11111. pe 1111 111 111111 1111111111 11111111 11111, cain· 1111
11. 1111111111 1111 111 11111111 1111111111, 011. Em. 11, 11. ii
111111111111111 mn 11 pam 1111111111111111111, (111 11 11 111
1111111111 1111111111 11111, 1111 111111 111 1111 111111111111111·

 

