il. 11111111. 11111111-1111111. 11111111.1111111111111. 1111

1111111111111, -1, f. 11111111, Mon Q. 1, 1111. 3 111.
1111111111, adv. 1111111111,111111·1111, 1111. 11, 18.
111111111,-1,Γ.11111111, 11111. 8. pertinacia, 11111. mee. 111.
111111, 1111111111, 11111111, 111.
11111311 (-111,-11),1111111, som.
ν,4111111311 11111111, Rea. 1,·1.
J 1111113, adj. 111111.
r bmnlgflce, 1111. audacter, 1111111, 1111.

Pro (= qoth. 111, 111).
11111,111111’11101Ν.
1111111, 1111111311 (1111111111111, 11111111 f 11110111
1111111, 1111111, 1111111111, 1111311, 1111111 (111111111111111111111,
111), 11111 ῘΒΕόνΔΝ.

1131111111 1131111111).
1131111111311111131111111, 111,11111111.

113111, 1131311, 1131111,1111111 11111, 11111311,11111ς,11111·111)111,

s Μ Pv⁸(= (-111 11)

m ΔΝ,11111.1’1’1.1Ν, 1111Ν11111ι111111, 11111111111111), 11-

1111, 11111111 [11111111 1111,11 m 111111,.111.11,1. gl! 11
11111 11111111, 11 11111111111111111, 111. 11, 11. 11 111111 (111111)
11 11111 mine 111, non 1111111 11 unquam 1111111111, 111. 11, 8. 111-
11 111 11111111,1111111]11 lavabit, 1³2. 11, 11. 111111 11111111,111111
11111111111,111ι1,1.111111111111111111141, 11. 1111. 111-
111(1ιι11,111.),· 111. 1111111 11111105 111111111111111111111, 111,·)
ou· mgenJ 111111. ‹ln-‘'''am
111111 (1111111111), 1111111111111111,Ρι. 11, 1. 1111111, Bono.
1111111, 1111111111.
11111111111111, 1111111111, 111111.
3111111 (111111, 1111111111, Boew.
11111111 (1111111, 111),1111111·1, Pace. 11, 7.
1111111 (111111, 111111111111, 11111.
11111111111111, 111), 111111, Bono.
111111, pm. 11111.
111111111111. 1111111, 11111. 11, 11.
1111111111, -1, Ι. 11111, Son.
111111111111,·1,Ι. 11111, Rom.

11111 (ι- 111111), -11, ιι. 11111, 1111111,111111111.· 111 11111 111
1111 1111111, aqua 1311 1111111 lavacri (1111, qua 1111111111-
11 1111), Rea. 8111111. 1111111111, 11. 11111. 11. 111111,1111.
11111111111 111 111111, 11111111 111111111111111111111111, 11111.
1, 1. tetamentum, 11. 111. 11111,1111111111,.111. 111. G. 1111.

. 11111, ιι. 11111611 111111. 11111111. 1111111111 11111111, 111111-
111.

111111- 1111111), -11, 11111111. 1111111,1111111,111111, Sum. 11-
1111111111, 1. 1111111111 111111. tersorium 11111. 1111111111, Γ.
mum 111. 1111111, 1111111111.

111111, 111111, 1. 1. 1111111311 (-11, ο11), irripere.
celtum, 1111111111 111111 viter 11 11 11111111, 111111. 11, 1.

 

