00 a 00 000. 000000.οι000000010.10000000000

40404011, -0,4. momentum, 40000. 0. 4.

4000100, 4000104000 (4000440, 44), 0000004 40000. 01. ef. 4044040
ue ·.000000 Μία] W

-40004100 (4004400, 4000410),-00,00.400000,10000000440 moneam
000400 subitaneus, 4100. 44. 00400. 141, 44. M. 44. 4400. 444.

4000440100, 4004401000 (-440, -441, cupere, 004. 444.

4000440000 (4001040000), -0, Ι. crepam, 0000040400, 404. 44. cr. 40-
0000400044.

4040, -00, m. 40400, 4000000. 00 4040, 40044. 4.

‘brocmynm -e‚s. 0000440 0440004040, 4004144400.

4040, -000, 0.(0400. 40400), 04440440. 014 40004000 40400, 40044. 44,

11. 40400 (nom. 0100), Luc.

4040110, adj. 00000, 40000.

40401100, 040. 00000, 4000.
004040, -00, n. afflictio, 00000000, 40000.

40400, -00, m. afflictio, 40000. ,;

κ4040100 (-440, -441, opprimere, 40044. 44, 11. 4000. 4, 4. 04140 00 40- ·
re Angeleyn 00404044, Sue. 44000. 447.

0040401000, opprimere, 0004100000, 40000. 000. 0140000000.
014004040100, 0400000004, rebellare, 40. 44, 44. G.
0140040400, -00, m. 0040110400, Pe. 47, 11. G.

40400, -00,Ῑ. materies.

0040400, -00, s. 0000400100. 44010 0040400, 0041440 materies (0000),
Elem. 1444.

40440, 100. qen. 0400000, som.

Ι11114444 (breg, 404000, 400000), 0404000000, crepare?

44400000 (044040, 004), auferre, 404. 17.

4040001400000, bregen), -00, m. 0000400000. 40000000 441, Ι.. 11404. 4,
47. 044. 4000003 40400. 40010. fsto,

κ· 40400, -00, m. 400000. 0114000 40400, 404 ,44, 14. 0010401 dm! 01400
101400 00004000404 040 40004 and 404000, 000 parvm 0000400 400- ’
000 pars 040040 erat 4000004 04 4000000, 00400. 144, 7. 04 10 0144
fram 40 0001000 0000000140 000000 44040, 41110 404000, 00000000 eqo
40 40 narrare (0041014040οι 4004014000 dolosam, 0104400000 4000οο000,
40401144.

0140040400, -00, m. 400410, adversarius. 00 00004400 01400404οη0
0104 004000, 000000 0000000, 014400 0014000 000100 41140 00100-
00040, 000 potuerunt adversarii 40440 proficere armornm 4044-
400, 00000 0100400 000 erma ceperat, 404. 4000. 44, 44. 004
forsitan 014004040οη 4004 40404.

40440004, Γ. 4100 calamitae. 01100 40040 40000 0014110440, 44 000
40444004 00004 00000 0040000, 40044444 400404ιο 040 mem femma,
40000 41000010014000000100040000000 004, cada. 144, m.

4040400, 404000 (-40, -041, tergere. 0000 014010 4040400, Lucae„
00 404-00 0040010040, 00004040 0004000444, Lem 41, 4. 444. 4, 14.

44040400, 4404000, terrere, 004000400νο, 444. 4, 14.

00404000, 4000000, 40000.

40404, -0, Γ. 400000, 140000.

0040404, -0, s. terror, 404. 4000. 441, 17. 0404 0040404 0 41444·
DAN 4004 debeat.

404040, -00, m· 400000, 40000.

 

