100 vom 01011 Names. 0111- hyra. 10. unna. 1110.

101111111011 (-000, -tn, 0111111000, 110010. 0.1. ,
-“·“· 101111, -0, Γ. 0011011110, 00110, L. 11111. 001. 11. 101101, 00011·-
111, 10111 1011011111, 0001. 1,1.
,, 0, 1111111, -01, 0111001010110, 110000. 01.
e “ “ 1011110111, -es, 01. 1101 1010110, Nau. 11,1.
11111010, -e, 1. 0011001100, qualitas, 110010. 1. 1.
1111111001, -0,Ῑ. 0011110100, L. Ea'dq. 1001. 11.
1111111000, ·0, Γ. instructio, 1111. 1, 17.
1110111101, -0,Ῑ. obstetrix, 11001011.
11111050, -01,Ῑ. ptumam, Cot. 101.
byrig, adj. 10110111
· - 1111111(1111110,111111), 1001000, 9001000, 110010. 0. 1.
01111111, 1011000, 1101000, 1100111101.
· 1011111111, 11101000, 110010. 0.1. ·
- ἦ, 001111101,1011000,0001010. git 110 lavone ’1111110101 01111101.
110011. 11. 001 1100 101 10111110 111 011101 101110 mett,
00101. 11,10. 0011011001, Ρο. 17,1. 0.
1111111010, -0, 1100100. 1111 1111110100110 1110101, Nea. 1, 18.
01111111001, -0, 110011010111110, 11000. 11, 1. 11, t.
byrtgung, -0, Γ. 1111110, 11010110, Len.
0111111111, -0, f. 100101, Hert. 11, 1. 10, 0.
11101, -0,[.1010,11000. 11,.1 11001. 101010. 01. 101001 100, 001111
0110101111.
111001,-0,[.0110,1000101111111111. 111110. 0,11.
1110011010,001110.11110·.0000000,1100017.
1110010, -01, 01000100100, 11001.
111101, -01,0 0.,1001100 son. 100100,1111.1,17. 01. 1001001.
11100111101, -10,Ῑ. obstetrix, 1001.
1010110, 1111011110, 1010111110, 0110011110.
1001, 0110 1111011011.
10111, 1011111, 1011111111, 0110 100111.
111111, vtae 10011111.
0,.χο1111101111101101,1011101,1ο10101), [00011. 1111110 00 burste, 11 jusju-
01010010001000100,111010.1.10011000.1111010101110011100,.100.

t, 1. 0001, 1010101 11110101, 01 10 00 0901001100, 011101. 10111.
Verbum NNRSTAN twa NNLsNAN 111011,1101101,1100101)
001001 est. 0101111111.

01010111 (1100101, 001 ), 1100101011, 110000. 0.1.
.. 1111010101 (01101111, 001.),0000111000, 01119000, 100. 10,10. up 01111·
0011,1100000111000, L 1001012.
1011010111 (1011111111, 001), 1101011111.. 100101. 01 sanet. 0.
1010101111 (10101101, 001) , 11000111, 1101010000, 1110. 10. 11. 0000. 1,
10. Marc. 1001. Luc. 8, 11.
0011111111(00101111,001.),000101000,01101000, 01000.101.1101.1.
111001.
10101111, -0, s. 1011000, 11. 12.
' 1011101011, -0,Ῑ. ruptura, 110010.
1011011,-0, 1. 0010, 110000. 1. 1. 01. 11101001 NNNNN.
1110111·οη (-010,-01), 100011, rumpe. 1001110111101000, 110100. 01.
10111 (11111), -00, 01. 1010100.

'’¹⁸⁸⁸ae 4³³, 01. 00001101, 110010. 1. 1Ι

 

