211 Voces 1 liquido 11111111. 111111.

11111 11111111111511111 11111 111111, 111 111111 11111 111 1111-
1111 godes 111111, habeant ΧΠ riri 111111 communem, et nutriant
111111111111111 reservarant, 11 distribuant 111111 1111 reliquias
pro 1111111111, 1. 1111. 8.
woman (gernando, 111.), recordari, 1111111111. cum 111. 1111. 16, 11.
1111111 1111111111 cyanem, Luc. 1, 11. 1111111111111 his,
Psalm. 111, 1. 111111 111111111111, 1111111. 81, 1. 111, 1.

11111 (1111111),1·111111111, 1111 111. 1111111 111 11111111
11111, ferham 1111111111111 1111111, 1111111. 11.

11111 (1111111, 111.),1111111111, 11111111. curn 111. Part. 29.
11111111 11111111, hit 1111 1111 11 11111111 111 1111111111
1111111, 11111111, 11 hanc 1111 111 mayn 11111111, quam co·
111111, 11111. 111. 111.

1111,-1,1.1111111,111111. 111. 111. 1111111111.

1111111(-1111),-11,11. 11111111111111, 011211. 111111. 111111.

11111111, -11,11. 111111, 1111, 11.

11111111,-11,1.11111111111 11111111, mnarum, C. 11. Bon. 111111.
111111. mann 111. 111. 111111.

111111,-11,11.1111111, serva, 1111111. 26, 61. R. cf. 1111111.
mnne (monog, manig, menig), adj. 1111111. 111111 111111, multi
1111, 1111111. 1,1. 1,1. 11, 16. menig, Marc. 6,1. 1111. 6, 1.
111111. manag.
11111111, 111. permultas, Bono.
1111111, adj. non 1111111111111, 111111. 111. 1. 1111. 111. 111.

1111111111 (1111111111, 1111111, 16. 1111111. 6, 1.), adj. multiplex,
11111111111111, Prnlnn 68, 11.

1111111111111,11)“. 1111111111111, 1111111. 11, 6.

11111111111111,111. diverse, 11111, 1111111. 61, 1.

1111111111111, -1,Γ. 1111111111, multitudo, Psalm. 11111. 66,
1. 61111.

1111111111111,-1111111,-1111111, -111111 (11,-11), multiplicare,
Pr. 11, 11.

111111111111111, multiplicare, Pr. 12, 1111111. 11111. 1,1.
11 11.
1111111111, adj. 11111111, versutus, 111111. 1111.
1111111111111, -1, f. solertia, 11111 Β. 111.
&Qu (1111111,111111,111ςό1,111)“1, menju)‚ -1, f. 1111111111,
nare. 111. ror. 11, 1. 1111111. 1, 11. naen. 11, ι. 111. 11, 16.
mang, -11, 111 mixtura.

111111 (111111), praepos. 111. 111. 11111, apud, 1111,1.11.11,11.

‘'⁴'‘ 1111113, -11, 111 11111111, 11111. 21, 1. 11111. 1, 11. 11 heora
Ἑ111111, 1111111111 conventu, 1.. 111111. 11.

1111111, praep. 1111111111, apud, cum. gemang him, inter
111, Marc. 1,· 1. Man. 11,16.

,ψο131111Μ11131 111111. 11111, apud, cun, 1111. 11, 1. onge-

1111111111,.1111.1,11. 11511111 11111 mannum, 1111111. 11, 6.
3111111111-1, s. 1111111111, Sem.

megan, mg„ (nio, ,11) 1) misceri. 11111 111 11111 11111111 menc-

111, 01111. 111. 1) miscere, 1111111111 Pilatus 1111111111 hira

offl'ungum, 111. 11, 1. 11 1111111111 11111111 111 11111111, 11111.

1, 11. 1) concumbere, 11111111111111111111, 111111 11111 11111θῦ

 

