vom 11111111. mus-mne. 11-111. nau-nac. 111. 111

11111 (1111111111. 1111. plur. 1111), 1⁰. 1) 11111, eorem, som. 1) m.
1111111, 11111 1111 1111111, 11.·71.
1111111111, -11,11. auricula 11111111, 111111.
1111111111, ·11,1. muscipula, 011. 171.
1111111111, 111. canus, 11111111, 011. 111.
1111111111, -11, 11. accipiter, 111111.
11111111 1-111, 411), mutare.
111111111111111111111. 111 11111111111111 11 1111111111 god 11111111
1111111, 011. 11111. 1111, 17.
11111111, -1, Γ. 111111111111111111, 011. 111.
mm (- 1111111111 11116111.
1111111111, 11111111, 11111111, 1111 mm

111 (= 1111 miu).
1111, 111.111111111,11111.1.1111. 111.11111,111111. 111111, r. 1111111111.
1111111, 1111111111 11111,11111·11111,1111111.
11111 (male.- 11111), -11, s. 111 11111, -11, 111 formica, 11111. bor.

111111, m.
11111,-11,11.111111. 111.1111,1. 11111. 11. 1111111 11111 1111111111-
1111, aedas, 1111111 1111111111.
1111111111, -11, r. 11111111 1111111111, 011. 111.
11111,111111111.
11111, 11111111111111111111.

1111’

1111111, videno 1111111111.
11111,-11,11. cymba, linter, 11111. 111. 111111. Thes. 1, 111,11.
111111-11, 111 liburnica, 011. 1111.
γ11111 (111111, 11111) , 111111, 1111111,111111. 11 1111 11111, Gen. 1, 111.
11. 11 necoda 1111111111, 111111. 11, 11. 1111111111 1111111, 111111111-
111, Bas. 11. 1. 1111. 11111111 11111, 1111111111 1111111111.
1111111111, -1,1”. 11111111, Gen. 1, 11. Dent. 18,18.
111111111111,-11,11. 1111111111111, 11. 1.
11111111 (111, -111, nudum reddere.
1111111111, 11111111 (111, 11), 11111111 faeere, 111111.
[11111111111111111111.1,1.

111111,-1, f. 1111111111 rotae. 11111111111111111111111111, 111111.11,1.
1111111111,1111. 11111111111111(111,1111111),11·1111111111 11. bor.
1111111, 111. 11111111.

1111111,-11,11.11111111111,01111.1111111111.

111111(111111),-11,1ι.111111111111,0111. 1,1. 11111. 11111111 1111111111

[ή1Μ111111ε 1111111 111111.1111, praec. ὀμφαλός (=· 11111111111111.
1111

11111111 (1111111111,11111),111111,111111.1111111. 11111111.

11ἓ11,1;,611 111111, 111. 111111. 111111, 11111111111111,
1111.

1111111111, -11, n 111111· ed 111111111111111,Β.11. 111111,

11111111 (11,-11, 11-111, 711), 11111111 Mete, Pe. 11,11. 11. Q]
1111111111,-11,11. 111111 111111 ornata, 011111. 81,11. 1 11

111111 ornatum, 1111111111 18.
11111111, -11,11. nom. 111111. eum, 11111. 1111.

(-

 

