111 10110011111111001011 bun-mv. 1111

1111, mamona, mm 001111.
101111, 111111, 11111111, 1110111111, 1111001111. ,
01101, -11, 111. balatus, 00111. 11011000000111
0111110(-111,-110),0011111, llt’r. 11. 00, 0. 1110111Ιό110.

fflkmfflw
„.. 1111, 1111111, mcum, 1111 011110.

0101, adj. 11111111. 00ος11100100001,011111010011“11111,111’ exspectatione
11111110,1111111111111111111111111, 101111.1080. 11011001 0101111 bring 11010 111
01010110110110101010100, 11111.1111.111110 110101 10011, 0011111
01000, 0110οο10111.1011101111.

01011, 01111.111101, pallide. 011111 0110110110, 1111101100. 8,107. 00, 000.
01011001, part. 111111. 1111111. 0111 111110 001111 0101011001101100
01011001 010, 11101111110111 1101111111 viro 111 pectore, 11111111 01111-
11111, 0111111100, 10. 11110111110111110 (0101) aut 0111110(010111)1
κ, 011110 (mem, 1111111, 1111111) 1,.11111 1111111111111,11111.1,11.11
01101 01 00 01, 1011. 00, 00. 011110 11 00 1011001111, 1001107 0.Ιέ110,
101111. 0101110, Ρ1. 107, 7. Formae 010110 111111011111110101111
commixtionem verborum 010110 11 010110 1011110111. 010100, 0010011-
1110, 0010110111. 01 0101101110 0101110, 0111111010. 11101 0010 01
01111, 11. 111111. 00. 10 0111110, 11111011, 001111. 00011110111111111, 01111
81. 10 01111110, 11111111, Pe. 00, 07. 01010100,11111011111110011.
011. sm. 111, 11.
00011110(001101,111.),111111, 1111011, 111111. 00 00101110, inflare, 011.
0, 7. 0100101110,1111111·1, 11011. Sm. 008, 01.
1010101110 (10101101, 111), 10111111, efflare, 11. Med. 0, 00.
11011100 (1101101, 110), 111111, Bosw.
0101111 (010111), -11, 111. conflator, Past. 07, 0.
0101100111, -1, 1. 1111111110, som.
bldvung, -1, 11101111,.11111.710.
001011101μ -1,1. 11111111,1101111.
Χ-,01111(εψ,0100),1111.0111111,11111. caeruleus, 01111. 101111. 010
01001110 (0111110),111111111111, 1111. 0111111101Μ. ²
, 01110,-11111,.(11-1,1.),11111111,111111111. 00110101110011, 110110
x.. 0. 3011110100,1111110111111111,01111111.000,0. 11111,.1111.00. ,
’ 1101011111, 101.100011.107,00. 1101111, ΜΨ, 111111, 11011111,
Coedm. 000, 07. 1111111100, 1011111. 10, 0. 11111101 0100 (010, 00).
, 11. 01011 sub 010110.
f...- 0100011001,1011.11111111111, 1110110000 -
’ 00101101, -11, m. 0111 1011101111, 1111101.10,0.
⁴² 00111011, adj. fertilis, [11111111.
gemmatam, 1111. 11111111, 01111111. 0, 10.
0111001110,-11, 11. 111011, 1101111.
010011 (010011, 01110011), -00, 1. vesica, 0111. 1, 7. 11111111. 011-
tara.
0101110 (-01, -10), aestruere. 11. tamen 0111100011.
11010110, exterminare, 1111110111, Ρ1. 70, 10.
010110, -1, 1101111111. 00 110 blacan 010101, 1.. Med. 1, 00
Waml. cat. 000, 00. 000, 11. dan. blegn. bor. 011011.
10101010 (ιο01,-00; 1111 -111,-1111),111111111011. 10001ος011,
1011110111,οο0

1101010110, 1111011111. 0101001101, som.

 

