4411114141411441. 1414111141 11141411. 111.

11144114(-444,·14),11114111,41111.4,14.04411’.144,44.444,44. .
κ, 1111441114, probare, Pe. 14, 4. Luc. 14, 44. 111144. 8, 1.
141444114,11144111,1141111.
1444414, -41,111. 11111141144111.
1144441, -4,1’. probatio, 4411111. 47, 41.

4111144414, f. probatio, 1141111.

4114411444114, adj. 1144141111, 44441.

4144444114,1141.11144141111, 84141.Ι · ,

444144441, adv. inexplorato, Solu. 7.
1144114,1141.44141111,114114.

411444114, 11111.111ο4141141,441111.ῑ
1141(111411441“1),·44,1111)111411,41144.4444. 11.-414111 1144.1,14.ῑ
144311111114441),·41,11.411111111,114111141, 0141. 4, 4. 11141.Ι 1444.

14441141, -41, 111. 1111 pedestre, 1111111.

· 144414414,141.11114141111111111, 0111.141411.,414,41.

14441414, ·41, 11. 1411411111 1114111111, Bono,

² 14441411, -41,111. 1111111114, 4111111, 414114.
,4.14441441, adj. 1111 11111411 1141111, 114114.

1411441444, -41,111. 1111111114111111, 1111111.

1444411144, -4,1”. 11111111 11111111, 4 1. 1111, 41111. Lmen. 447, 14.
1444, ·4,1. ‘Q 114111.

1411441, ·4, s. 11114111,1.111.
141144 (· 444, 44111141111111111111111, 4111411141, 14.

14141144,111411111111,1711111411111111 14.

- 14411114(-444, -44), 41114111,114114. 44, 4. 44, 11. 1111111. 44,4. 0144111
147, 4 144, 17. 444, 8. 411411. 4448. 4444.

41444144, 1411111114, 11111111. ’

1411144144, 1111111111, 111411. 4444.

1414114144,14111,111114111111,1144.8111.444,4411414111,1111144.44,.4 .
1444441, -4,1. 11411111,114111111, 1411111111, 114114.

’ 11444,11111’.41111111. 41. 11444.

1411444, 1141. 41111114.

1141411444, adj. 1114111114, 14111111, Post 44, 4
114411((114411),1111. 4411114,11411111111111, 411.

14114411 (1444411), 1141. 4411414111. 11. 4, 44. 11111.

1111111411, 1111111111, 11111111, Pace. 14, 4. ’

141 (11141441, 14444), adj. 11141111111,.41111,,4’144111. 14, 14. 44, 44. 144,
4. 184, 44. 144, 17. 11144. 4444. 41. 441411. 44411441.
11141111,1141’. abire 1111114111, 411411. 1444.
41141,1141.1111111114111,11141144. -

14114411,-41,11.11141111111’141111111, 044.1114411.44,17.184, 1.

141114,4111.11111111, 41144. 444.

11141144,141.111111141,411111’111, 11111. 4, 47
1414,1144.1111111,111411111, 144111. 4111.
111114(-44,·44),111411111111.1411444414411144141414, ssadem

114, 14.

411144, properare, 1114111. 411111.

Ὗ411114,11141111411,1111111, 111411. 1444. 4414. 4114.
finde, 114411, 11111 moen.
ε.·114141,·41,111.41111411,1.114.14,44.1444111111.1111441424114111
111111,·4,11 ρ4111111,1111.11,14.

11111141, 1111. 1111114111, L. 4114. 4, 41. .

 

