l'. a 11111111 111. 111111. 111111. 1111-1111 11111. 111111. m

111111,111111Ι11.
emam (111111, 1111111, 1111111),111111, perire: 11111111111111,

01111. 11111111. 11111. 1111111.
111111111 (1111111, 111),11111, 1111111 11111111, cadaverum, Wanl.
011. 11, 17.
1111111, an, 11. 1111, pallo, Imp. 1, 7.
11111111 (-111, -111, fam 111 (1111111111, 111111.
11111111 (11,-11),1111111,111111111,11111. 11, 11. 11. 111-
1111 11111111, 1111111111 necata, 011. 11111. 11, 17.
111111, olle 111111.
111111, -1 (111 1111111, 111), 1111111. 11111. 111111.
11111111 (11111111, col. 11.),11111.111111111,.11[1.11. 1111. 11.
1111111, -11,11. stella, 111111. 111111. 111. 11111. 1, 11. 1111. 1111111, s ·
111.1111111,Ι. 11111. 111111, 111111, 111. 11. mec. 111151. 111. 1111111.
111111. 11111, 11. 1111111111.
marcomere, -11, 1111111111111, Col. 77.
1111111111, 11. plur. constellationes, 111111. 1111.
8110111111 (111111, 1111111, 1111111),1111·111111 loun, emere. 11111.
1111111(11111).
111111, -11, 1111111, 1111111111111, 11111. 1, 1. 11111. 111. 11111.
ulla.
111111, -11, 11.1ρ1111.·1111111111111(1.111111), ulra 111111, 11 111-
1111011111. 11111. 11111.

Sti (ε 91111111, llll').
1111111,111111,11111,111111, 1111111, 111111, 111. 1111 wlcan.

«1301, 1111111111 111111.

111ςηί (pro 1111111), -11, 11. 11111111, ll. 11.

1111111 (pro 1111111111, 111111,1111111,1111111111.

18111111 (111111, 1111111, 1111111),111111, 1111111111.

11111111). 11111, 1111111111 111111 1111111111 1111111, 11111. 11, 11.
1111 1111111111 111111, 11111. 11. 11111. 111111.
1111111111). 1111111111,111111111, 111111. 11,1.11, 1.
1111111111, -es, 11. 111111 1111111111111111111111, som.
111111, 1111. 1111111, 111111, 1111. 11, 11. llll. 1111111, 11.
11111111111111. 1111111111, Son.
11111111, 111. 111111, 111111111111111. l.
s 1111111111, -1,1“. 111111,111·111111,11111111111, Bu. 1111.111,1.111,11.
1111111. l, 1.
1111111111, -1,1. 1111111111, 11111111, 1111111111, 111111. 111. 711.
Bel. 111. 111, 11.

“wiltu (-11, -111, 1111111111 rellan, 1111111111, 111111. 11.
11111111111111111111, 111. 11. 1111. 11. 11,11. Gales. 111,1.
1111111111, composcere, 11111. 1. ’

11111511 (-111,-11), quiescere.
1111111511,111111111,1.11. 11,11. 11111. 1111111.
1111111111, 1111111111, 111111111111111, 1111.
111111 (111111 mall 11111, 1111111111), -11,111. low-⁶ 11111 11111
(1111111), ln 1)·11 loco, clm. 1111111111. cujum· 11111 111111,
11111. 11111111 11 111111 111 11111 11111111, m 111. 111, 11. 11

 

