000 0 tabiaco· 7107110110. 111. 1011. 100111111. 1011017111. 11101212

rede 11107711, 11111 1177 10017710 00 1010 1011017 111 111100, 11017 77711-
107 077701 17011711 (117 cruce suspendi), 171171 77110 1701117710 1717100
01177117 perderent, Ccd. 117077. 271, 12. 11117111ηο1 00011710 10117101
1001707101 107770 1107711770 - end 110 0171007000 1017101 11010101 11771-
100770 vesun 011110 00 01771010, 07771777. 211, 7.’ 000. 1711011770.
0107111770 (010710011, seb), 1770117770, 00070. , ·
7111111771 (11010011, 001), incumbere, 0071. 8171.112,12.
11117, -00, uu? 7701007017, 0771101710, scm.
111717, -710, m. 710777, 001. 1811.
1110100, -00, 0.,177001777117707, 007111, 11.
1011, -0, s. 0077117770, 00770.
10110, -00, s. 0777711770, 00011. 22, 2. ’
107711, -10, s. 0000, 001. 127. ’
1011101, ·0,1. occatio, 001. 112.
71111770, ([11100, Q, 1111·ιο (0 -0711, 0071771, 17771777, Marc.
0, 17. caeam. 10, 77. ἡ abab·
1007111100,0771001771,00071
1011111770, 01071170,1770071771,· 0171. 1, 12.
effulgeas, 7071771, Luc. 1, 2.
00100111100, subsequi, 0. 00770.
11110071, -00, 177. 00077107, 77000010.
7111001111000, -00, 177. successor, 0171. 2, 211.
1111111, -0, s. 00077110, 700000710.
111071111101,-0,1. 7170000110, 00010110, 00070.
1111107700, -0, f. 00077110, 0770007010, 0171. 2, 1.
110111110000, -0, s. successio, 80777. .
10111770 (·110,-10), 007101717777717, 00171. 2128.
1100011170, succedere, crebreque, 00770.
1010111770, 0071771, 00070.
111001011170, subsequi.
fulgere, -00, 10. 00010107, 1100110 21, 2.
“ 1101011010, -07, 717. successor, 'Orc-e. 2,2.
-,. 1011171 (1011711), -01, 177. 70710010 (211, 28.) 0700. b, 22. 07071777.
281, 8⁰.''’
0010010117171, ·00, 177. subsequela, asseclae, 07001, 21. ·
2. 10117707, -00, m. 0770111700, 00171. 1182. 0071177.11,11.122,1. Pe.
12, 2.
1117001010, 77711. 01170 07701110, 0700. 1,11.
··““·10170711“77ι1 (-1710,-11],77711·770070, 0171. 2, 12.
101011101171, adjuvare, 00770.
111011100170, adjuvare, 0171. 0110111111
7111117701100, 0017717070,007771771.17. 122.
1011001001, -00, 07. adjutor, 0171. 2, 22. “
101017101001, -00, 777. adjutor, 11071100. 12, 2.
11101, -e,s. auxilium, 00177. 228. 0707. 1, 12. cf. 110071. culleus.
11101071 (11101011101071), adjuvare, 0770. 1,7. 1170 1110100701

110100 0100, 01171777. 112,11. 1170 bur 111010 bb 100 71011100, 07071777.
· 112, 8. 01. 10777077 1011700100.

101110ίο1, 0017707770, 00770.
111110171, adjuvare, Ps. 118, 81.
Ι (3111710, -70, 777. 7771177177, 07. 12,2.1“1,,2.,““1

ὲὶιῖὴ

 

