10000 0 &quida 0000100100. 1100. 101. 100 mog. 101 101. 101

· niumm, ·00, 01. 00000000, 11. 1011100011. 1.
11000010000111, -00, m. sacerdotium, 1110. 1, 1.11.
1110001011, -00, 0. 0000010110 001110, Post. 11, 1. Vulsci. 1001.

-- 1000001110, -00, 01. 0111000 0010010110, 11111. 1, 1.
11100111, ·00,·0. insertum 010001, 11. 11.
1100000301-0101. 00000000, L. 10011. 1110. 11.

1100300101, -001, mm 00000, 0 1000. 00, 11.

nist, 110111110101, 01010 1110111.
10001, 10001010, 100011010100110.

Me (= 90110 ma).
10000, 1000, megan, 01110 0110111.
megyn (τε algen), 1011 (= 100111),011101110.
megan, 10100110, 1010000, 10101 (mannen), mengun, menig, menig-
10110, 1001111000, 101100 (1011100), 0110 11111111.
101101,-00,01. 00100101, 1100101. 100, 10. 110011. 1011010 000. 10111111.
1010, 101001, Μο100, 1010110, 0100 mnam.
1010 (= 1010),οιᾱο 100111 000 11111111.
- 1010 (1110),-00,01.00010, 10000, palus, 1010. 1, 1. 101. 1, 1.11. 0011.
narem} 1100011111, 01 01 0. 001111, 01. 01000101, 1111010100
br 11010000011111, aqua. 0111111111 01 000000. Ν 'pum ,
ῆιιο101011μο10. 000101 0100100, 010010, 11000. 01000. , (Aa
10100101, -0, f. arca, 00010, Gom 11,10. H
10101010,-00,01.0100010 undis, 0010οι. 101, 0. 110, 1. ff ’ ’ ' ¹
...τρι-0101001010. 0010001 0100101001, 11010. 1110. w '
10101010, -01, m· nauta, 11000. 000. t
10101100, -00, m. 010011, 00001000, 11000. 1001.
10101101, -00, nu 0100101οά00110,οσ00000, Cam 01,1. 101,11.
1010100110, -11, 1100110 0000100, 100. Med. 1, 0.
1010010111, 010010100001110, aemma, 111010. 11, 10.
1101001011, -01, m. 000010 fundus, 11000. 1007.
marchengen, -00, 01. equus 01001000, 00010, 001. naon. 101, 11.
1010110001, -01, 0. 001001, 11000. 1001.
1010100, 0001100000 marina, 00011, ,00100 10, 11. 01, 11.
1010100111, -00,01.101000·011100, 011001. 110, 10.
10101111, -0, finer 0010001, 01000000, cod. 1000. 111, 0.
“ · 1010000100, part. 0 ,- 11011111, 11.
,1101011011 000000, nympha, 10110. 0.1. 11001. 10111111.
1010101110, 0111. 000010 marinus, 601 110.
1101001101, -e‚f. 010 marina, 01000100, 11000. 1011.
1010011011, ·00, m. 0000000, cnm 11, 11. 101, 11. 000, 11.
perennem -0, f. fortitudo 0100111010, 11000. 1000.
’ 10100011, -00,01. 0010110100, 111011, 1. ¹ ‘wlff
10101011, -00, 0100000, 00101. 100, 10. 1
· 1010100111, ·00, m. 010000 000100, 0011. Mon. 101, 11.
101000010οε, m. 10000 01001000, 00010, 0011000100110 000100·-
01100 1001 00001.
nereum, adj. 0000110000000000001 00001001. 1010001000.
· 1010111, -00, 0. 0101100 01000100 10 01001 0100001, 11000. 1011.
,. 0 0000010100 -
10100, 00, m. 10000 patum, 00010001 (101. 0101.) 0101 0011110 10110

 

