15111 51511511· 11111. 155. - 111. 111. fise. 111 11. foc. - 151. 551

” 5151, -15, 155511. 11511. 11111. 1155.
Fiam, -1, 51. plur. 15111. 111551, Nem, 0151. 1, 1. 11111. 1155.
1515, -51,11. sequela, (11. Ex. 575, 51. 515,17. cauda, 1111551115.
1551 (1151, 11551, 11511), -15, 11. 1111111111,11111.115. 11111. 1111111.
11, part. 1111111. 11111. 11111 11151. 11, ver. tantymju
11111, -15, m. 1111111151, 11111. 165. 5516. 5555.
1111111111,111.1111111111111, Bono„ 51515. cs. 151.
1115,1115,111111111,111111’15, 111511511111111011111.
1111, 11111111, 1111 15011111.
111111, 11115511111111511511,111115111111111111011111.
11115 (11·,111) 111111111111011111.
1151, -15, 51 1151111.1115115111155115551111,111111.55,1. 11151.

Μπ’111ζ51111511,-1,Ῑ.11511151111111111151, Bono. damry) Μή

115155 (11511, 111111111111111151111, Sum.
155 (11),-11,11.111111. 111111 1111111511. 17, 57.

1511111111, -15, m. 1551151111. 1511.

1155111, -15, n. 11111151 venue, 111111.

111111,’-11, n. piscium 151111, N. 165. .

11151111, -es, 51. 1111111111. Nom.

1111111, -15, n. rete, 155. 51, 8.

1551115155. 15111 1111. [111. 11. 18.

fimet, -11, m. captura 11111111, Luc. 5, 1.

15111111, adj. 1111111111111111, Nem, 1. (5, 5.).

15111111, -15, 51. piscium 1111111.

1111111115, 1511111111, Nom.
1511111, -es, 15. 1111111111. Mon. 1111. 555.
*nojant (511, -111, 1111111, 55111. 51, 5.

151111,- -es, 11. piscator, 111111. 1, 18. -
451111(1151),-15,11.1111511111,11111115,151.11, 5. ’1’
111, 1111151111111111. ·
11111,-15,111111111,5111.

11111111( 1-111, -111, 1111151 canere, 111.

1611111, -ep, 5511111111, 1111. 11. 1.

11115111,-11,Ῑ.11111111,1511.

⁸ 1111(1111111,11111),-11, 151.11111,11111,111111,0111115115,
5. 55511113 Ἀ .
1111151511,- -55, 11. 111111 11111111 1511111111,111.51111. 517,11.
11111111, 11111115 (-111,-111),111111 team, som. '
1111111115, pennis 111111, 1151111. 51,15.

F ο [ε 111115, sah).
1511, -55, 11. pauit 111 cipere 1111111, 1111515, 1. 111511551151111.
1515, 5115111111. ,
1111 eujus 1115111,1511151, 1111 11115111.
15111 11 eju 1511111, 1111 11111111.
’11115 (1511151, fougere, 15111115111151111.
«11115, 151511, 1111 11115111.
1515,’1151, 1111 1111111511

151,11111.111.11 111111111111111 11 1111111 111511. 15111 11 1111,1ι1.
151. ct. 1115515. 1) 555151 5) m (1, 111.) mu 151 mu, 15

 

