Vocee 6 1111111611 impubem 111. 116. 11661. m

Q? ξ111116, 1161161161616, 11111.861.684,6.),6111.11·6111111, 11111. 661.
⁰ „d

Τ11 (= qotk. 111, 116, triu).
111 (; 111111, 111111, veae 1111111111.
tr& (: treov), 1111. ql. 14,61111 11661.
1111166161 111116.

Τ1661ε york. triggv).

·tre6ve (11116,11116),661. 1111111, 11111111, 1161111 7, 1. 16111. triggva.

getrebvo (11611111), adj. 11661,11111111, 11111. 46, 62.

6111111, adj. 1111116161, 011611. 187, 61.

6661111611 (1161111111), adj. 1611111111, 11111.16,46.111111.66,66. b.
11611. pot. 1,

11161116, adj· 1161111, Mor. praec. 64.

3111161116, 6111.1111111,Ρ1. 116, 7.
11111611161,6111.116111111, 1116. 6, 66. Pe. 11, 6. 11.
6611161661, 6116.161111111111,111’11111, Oroe. 4, 6.

11611111, -1, 1166161666, 1161111. 116161, 146.

··11161(1111), -1,1.111111, pactum, 16111111 1116 116616166111611, (111116.
166,17. 1111161111 111616 1161 1111 1161111616 6111111166, 11111. Sm.
614, 64. 6161611666 1111111, 0111161. 664, 26. Ρ111161.66111116611111
1661611611 1611111111 1116111111, 1161664,6.06661.666,26.11161161
11111616611116111,6111161.14,6. 111611116111 11116 sollo, Caedm.
11, ee. snm bam lez

6111161,-1,1. 611161611601664, 1.
κ11611161(6611161),-6,1. perfidia, 116161, 1161167, 2.
11161161161111161111, Luc. 16, 1217, 16.

6111161116, 6111.11161111,Ν11611. 6.
1116111111, adj. 111161, 116616.
1111161661, 6611111111, 1²0. 18, 8.
31111611611111, adv. 1161111111, Pe. 11, 6.
1116111111 (11111161), 6111. 1111111111, 11611. sn. 476, 66. 011166. Sao). 1664.
3166611111 (3111111111), 6111. perfidus, 11161. 2, 14.
1116111116111, -1,1. perfidia, 16616.
εεί116111116111,-6,1111111616, 11111. 1, 8.

1116116111, -an, 61. 1111116111,1”611111161111, 111611. 6686.

1166116116, -61, 1. foedus, 11611661, 0111161. 166, 6.

111611(111111),-116, 66116111 1116111111 godes 11111116, 11111116 fidem, “
Marc. 11, 66. godae, 611116 hig 11111116 1111666, 1111116667. 161-
11611 611161111111, 16111111666116111116, 11111. 17,16. 161111ιέ1
616611161111, 111611. 6, 4.

3111111666,61.111111,16111111, 116116.
1161116111, -66,61.61111616,1161111,061161.68,16. meme.

r 1116111111, 1111111111, 11111111, 11161111 Q· 661,-611; -116, -,11) 161111-
6111111Ὶΐ6161111111ῗπ11111111111111111116,11114, 1.
1616111161111,1’1.64,1.11116616161,,111111111111,1161111666εό-
1611,1111111161111111111611, L. lesu-401. 4. 1611. 11111116.

1611111111 (-16, ed), praesumere, 66111. 7, 6.
f‘feuehvjn, gemvjm, 1611111116 (-611, -661 de, -611, confidere: 61

,Ι 1· sta, „¹

 

