νο... a 4414444414... 141 1444 11. pag. 14 444 ·

1114111144). savonarum, 444114. 14. 11444. 8, 14.
1114444444. nattam, uester, 1³2. m, 4. ι. atqu, 44144 4.
1414141414, -4,Ι. 4441444444, convente-ua, 4441.

111444141411, -4, f. 414441414144, Son.

144 (1444. 444. 4141. neuen), 4411. quod, 44,· 141 1411141 14441141 44141-
1441444114 14 14414114, 1144 11, 144 44 44 414111 4414 44444 (7, 87). 11 144
4414, 144 41444141 14111144 141144 (8, 88). 144 44 1441411, 144
1114141 14 1414144 (44, 87). 14414 1444441, 1444 4411414441 1444414114
4441141111 (11, 14). 41441 1411114444, 144 144 eume 4444 1444111414
441441114414 vm (11, 84). 14 14141441 4141414, 144 41141414
114441114411 1141444 4441 (11, 48). 44141, donec.- 14144411411-
444,4414401111 444 1114 syrie 1414414 (14, 84). 111144, adeo 44,
44484. 18, 44. 141 4114414441 quoque 4441414144, 4. qr. 144 144 11111
1111 141441441444 (84,17),· 4144111414414441444444, 444414, part.
44444.

14444 (ι 144 14), 4444141444. 44444.

144, 444. 4144, 1444111444, 44144444 (78, 44). 4441. ml. ρ. 884.

141, -u, 44411. 44 44441, tolga 4444441 (18, 4. 14, 17).

11 (41441. 4444114411. ea 44 cam (44, 4). quod, 1141441, qm.- 14
44 444 111 14144, 1144 144 411 44144 1414111444, 144 44 4414 44111411
111444 (4, 88). 414411· (44, 7, 41). 44444 11 44 14 hym 14 4111, 04441.
84, 84. 11 14 4 44 1411114414, 114444. 84, 7. 14 -111141-14,4444
- 14444141, 44444. 84, 4, 7. 14411, qm: 141411 14 ymnus 111
1144144441 1141 44141 (4, 84). 11411 11444111 114 144441, 41441
411 4411 8444141 (14, 11). 114 14 44 14 41 14 11144 441, 14144-
44 44 (17, 4). 1114 11 4414 4444 44414414, 144 1414444 44 (14, 84). 444
14, 41 canu, 414114 (7, 4. 18, 14). 1444 (47, 44). 41441141.

1114, 4444. plur. 41444. 44 44444. 14141114,1444414 44444144, 44418,
84. 4411144 14441 1414141114 1414, 4444 factet 111444 qun 4144

444414 18.

haffu-on 44444. 414441. 444144444444 44444444, 1144 44 1444, 44 cum eff
pm. 44114141. 14, 144 (14, 144),144 44444441144444414444 4444(1
1444444444 pronominum conjuncta ponitur. .·

1) 14 solun ‚mum 1411. 4411. 1444. 14 1141 god, 14 14144444,
144 44 414 1444141144 1141 (4, 81). 14 141441,14 4114 44111411 14144
(8, 14). 114 144 1141441, 14 144 141 1414444 (48, 48). 1144 141 cy-
111141 14444, 14 4144444 14144444 (18, 88). fen. 1411444144 111144
11, 14 14 144 41141 14444114414411, genoe 114 444 vere 44 bynna ge-
1441141148). 44441444,14 44414 441141 (4, 81). 4111144411 144-
1144, 141414111414 14414411 (4,11). 1414144111, 1414 1414144141
14114 11414444 4144 (7, 14). 144 1444, 14 144 441414 41444414 (18,
44). 4141144 4444141, 14 41114 4441144 vi· (17, 88). 44141 1144 11144,
14 411 14 14441 141 (17, 44). 44114. 1141 14441441414, 14 4441111 4441-
1114 141(8,88). 414 441 4411, 14 14 1441 4444414144 (4, 48). 41 144
1114,14 411111141141144(14,8).1444444,144141441441 (44,14).
1414441411 uon 1414. Q. 144 14111 cymium, }- 14 myram 444
4411141444141--1441 1111. 1. 1.1.4.(17,88).[41.1144144-
411ορ44 4444141(14,81). 4111444144,11(;· 411144) 4444 411414ί
1111111114, 81).14444.1444144141114111,”11“44 ἂψ.- = 41 14111
fl· ὶ- (4. ⁴⁸)- 41144 111 godamma& (= 141) 411 numm
11 mm, »gmon ιιι mamm-:uma π 1. m m
444141.411141114141144414ι,141444μ14114144 m 11·

 

