111 1111111111... 11111111.. 11111. 111 111111. Ι

hang, -11, 11. excesus? 11. 111. 1111, 1111111 111111111 1111111111
1111111, 11. 11111111111111111.
111111, -11,11. 11111111, Ρ1. 17,11.
111111, -11, 11111, 1111111111 111111 111111, Cain. 188, 11 111.
1111111, 111, imperans.
Ὼ11111,1111.111111. What& 011111. 1111, 18. 11. 111.
, 11111,111111,111111111 . .
¹ 'A‘ 11111111,1111111111111181, 41). 111111, 1, 11.
111111111111μ1, s. 11111111, 1111111.
11111111111111, -1, f. 11111111111, Bm.
1111111111, -111), honorare.- gepynged (111111 gemtem), 111111
111, 111111. 11.

ΓἿζωὴ (11111), -1,1“. 11111111, 11111111, 11. 811. 11. 111. mm.
. 11111111.

1111 s ¹ ‘⁰13'Jfflgffl ’,ἶῖ ἷὶῖἶῖῗῗῖἷῖἶῖἷᾱ 1³³³ {1⁸⁰ ..⁸2⁰ss ἷῖ
7¹ pyum, 11111. 11111 gomagno, 11111. 11, 11. uate 11
111 galanga 11111111, Ν11. 11. 6111.) 1111111111.
1111111111, -e, s. 11111, 1111. ·
111111111111, -e, s. 11111111, 111111.
hung, -11, 11. 1111111111,11.41. 1111111111111, Cot. 1. 1111111111
11. 71. 1111111111, 11. 111 ’
11111, 11111111, 1111111, 1111 11111 111.
1111111111,11111111111, 1111 1111110111.
111, 11111, 11111, 111111, 1111 111.
1111 (1111111111, 1111 1111, 1111.
111111, -11, 11. 11111111 1111111 111111, 1111111111,111111,11.11. 111.
1111111111. “
1111111111, -11, 1111111111111111, Cot. 111.
⁵.. 11311811(1111111111111,11111111,111111111111,11111. 1111111.
111 (1111, 111, 1111), adj. 11111111,111111,11111111.· 11111111111111
1111111111, 11111 creaturae 11111111 1111, 1111111411. 11111 gt·
1111111 1111111111 1111111111 11111ξ 111111 englam 1111111111, 111111
41, 1. 1111111111,11111111 1111111111. 11. Son. ³, 11.
1111111111 1111111111), 1111. 1111111111 111111, 1111111 111111.
Bm. 1.
11111111 (11111111), -11,11. 11111111, 1111111111, Ρ1. 1111, 11. M·
1, 11. 1111111. 111, 11.
11111111,-11,11. 111111, 1. llsr. 1111. 17. 4.. 11111. 1111. 11.
11111111 11111111), 41111. 1111111111, seruum, 1111. Suu. 187, 41.
-κ 1111111111 (11111111), -11,11 111111, 1.. 11. 1.
1111111111, -11, s. 11111, 1.. 1111. 111111. 111111. 111, 11. 11111.
11111111 1-1111), -1,1“. 1111111111, 0111111111, 18. 111, 11.
111111111 1111111111),·11,1.11111111111, 11. Vim. 11. mat
0111. 11, 1.
1111 (111),-11,11. 11111, 111111, manceps, 11111. 11, 7. nael. 11, 17.
11,11. Luc. 1³, ³. 111111. 11111, deo, 111.

11111(11111),-11,11.111111, Gen. ³, 11. 17, 17. 1111111, 11.
11111 (11111), -11, f. serva, 1111111, 1111. 1111117, 11. 178, 1.
, 11111 1111111,111111),-11,[. 11111, 1111111, 1111. 1111711111
11, 71. 11111. 11,· 71. c.

 

