0010 Voces 1 1111111111 mcipimm. sae.

gyrede, Cod. 01111. 71, 00. ms. 111111 11111 111 gnere, 01111111
1111110111,ρο1111111111111, Pe. 88,10. nehem 11111 11111111 hu
111, 111011. 8, 00. gemende 1111111 10 (111111, convertit 111111 111111ι
01111. 11, 01. 111111 1111111 111 10111011οῆ maris 1111111, 0111111
1111111111, 11 mari 11111, Pe. 100, 01. 11111011111111,ρο111111
11111 masc. quam 1111.,1111101111.· 1111111 111111. 01, 7. 11111111,
01, 00. vitem 1111, Pe. 00, 7. 1111111111,·11111.0,1. ptumum
101111, 111 passim lequuntur. 111111 11110111. 11111. 111 με». sm, 11111
1111111111 1111, 111111, Gen. 1,10. bo 111111 monum, 11111 uk,
0111. 1710. 0000. 0111111. 000, 08. 011, 1. (111111 “by 111 two 11010111
1111111111 11111111 be 11111 11011, sed: 111 mn 11111111, 1.1. hecm-
11111). 11111111,11111111111,111000 1110. 11111,11. 00111111,
m. s. 111. 1111,11. 1111,11.
11111, -eo, 11111111, 11111111, eoa 100. 100.
, 1111100,-11,111. 11111111,111111.111111, 0111. 1000. 1781.

- nebeoth, -111, 11.111111111111111.· 111111111111, 0110111. 000, 01.
11111111, -11, 1. 111111, 1111111111 111 11111. ad 0111. ’
11111111, -eu, 11. aequor, 10. 00.

1111111111,-11,11. 111111 maru, (1111. 00, 10. 0. 08.

1111111(-1111),-11,111. 1111111 111111, 1111111111 recum, 11101111Ι
span, 11111111 111111 11111111 111110, 011111 100, 10. 11111 1101, 111
01111, 1111 1111111.

1111111, ·11, 1. rupee 1111111,011011. 7, 1.

-- 1111111, -en, 11111111, MS. 011. ’1101 0.

1111111, -1, fimum, 0111.

mynias, -11, 111111 1111101111,11111111111 dux, 0111. 1701.

1111111, ·11, 111110111111111, 0111. 0010.

11111111, -11, 11. 1111101111, Cot. 000. 11111111 1111111111, 0111. 0001.

1111111110, -m, 11. (111 11].1),11111111111 1111111 111111 0111 111111-
num 1111111111 (1111111101) 11011 1111111111, 01111. 81, 17.

1111101111, -e, s· 1111111111 11111111, 111111, aestuarium, 1111. 11 11.

1111111111. 1111111111, Cot. 110.

1111111111, -11, 1. munimentum maritimum, 0111111. 180, 01.

8111110, -11, m. 1111111111. (000, 01).

1111111, -11, 11. piscis 11111111, Gen. 1, 08.

1111011, 111, 11111111111111, 0111111. 011. 1011. 1000. 0111111. 80, 08.

8111111(8111111),-11, m. 111111. propr. (111111 1111111111), 01110011
000, 00.

1111101, -11,1. terra 1111111, 01111. 11, 00.

1113111111,-11,1.11111, Luc. 10, 17. 1111111. 1, 10.

11311131, -11, 111.111101,111111, 0111. 0701. 0810.

1111111111, -11, m. 0111111 incola, 010100.

flegmati, -11, m. 111111 profundum, Caedm· 100, 0.

1111111111,-11,111.11111111111111111, 011. 111. 11111.

11111111, -es, m. 1111111 111011, 0111. 0,1.

11111111, -11, 11. mare profundum, 11111. 000.

1111111011, -11, 1. 11111111 marium, cot. 007.

11101, -11,11. 11111111 maritimum, 0111. 1018. 0000.

11110111, -1, Γ. 1111111110111111, 0111. 0070.

1111111, -1, s. 1111111 reliquiae, 011111. 010, 10.

1111110, -11, 11. carmen 1111011111, 1110111 mmm, 11111111, 11111

 

