111 11111 1111111111111111111111111 n*

1111, -11, 11. 11111111.
111111,-11,1.11111111,Ᾱ1[1 11. 1.
1111111(11111111,-1,1. 11111111, som. 1111111, 011. 17. .
111, numere, 111111, 1111111111.

HM: 11111Ιί1, hlu).
’Ἢ 111.1111111,Ρε.11,1.1[. 11111,1111,111111·
1 Ι1111111111,1113111111111111. 1111111117.
7111111111, 111. 1111111111, [cfr. 111. p. 11.
'mr (1111111.111 11111.111111111,011.11.
11111111. sonoritas, 1111.
1111, -11, 11. 11111.
11111111,1.111111111,1111111,11111.17,11.
111111111111111111), -11,11.1111111 11111111,111111.71. lacertu
11111111111111,1111,1111,1111,111,11111111111·111111111,·1111-
111111 = 1111111 tumultuosus, ventosus.

--111111 (410,- -111 1111111111, 11 1’3211111111ίῇ 11111 11
11111111 hig, 1111111.
HV]

1111 (= 111 111, “751‘*
1111,11111,1111111.ᾸΡΕ ΔΝ..
1111,111.11111111.11. 1111,11111111,11111,111.
111111, 111. 111111111111. 11.
11111 (1111111, -11,11 41111, 111111. 19. 11,11. 11111. 21, 1. nau
qnoque, 111111111111111111111111. cs. 111. 1111111, 111111.
1111111, -11, 11111111111111. 11. Son. 18.
11111111, 111. 11111111, 111111.
1111111111, 111. infamis, Cot. 17.
1111111111, 111. famosus, 111111.
1111111111,111.11111111111111, 011111.
11111111,111.11111ῗ11,1111.1,1.
11111111111111111111111111,111111.
111111( 1-11, -111, celebrare, Sem.
11111(1111111), 111. 111111, Gen. 11, 17.

1111 (= 1111. 1111.
11111, -en, 11. 11111, 1111. 11. 11. 111.111111,11111111, 111111 11111.
h.
”gnappjam 11111111 (111, -111, dormitare, 1111 1111111, Ρ1. 1,,1.
1111111111, Pe. 77, 71. 1111111111, curvari, 1111111111 hama,

curvare, premere.
hnfippung [111111111-11. dormitatio, Pe. 111, 1.

1111 (z 11111111.

1111111111. 111111, occiput, 11111. 11, 1. 111. 1111111 11111. 11111.
huesca (11111,11111,1111),111. 11111. bonne 111 1111111111111, 11111.
11, 11. 11111111 gyrlum 1111111111, 11111.11,8. 1111111111, 1111. 17,
11. 111111. 11111111, Boetia. 11,11. 1111. 1111111, 1111111.
111111111111111111, oram, 11.
1111111111, 111. molliter, 1111. 11, 1.
1111111111, -1,1. 1111111111, 1111111.
11111111, 1111111(-111,-11; -11,·111),11111111. 11 1111111111 space

111, 111. 11, 11. 11111111, 111111. 1. 1.

 

