'oses 1 1111111111 1111 11111.1111.1111.1111.11111111.1111.11111. 111

111111, 11].11111111, 1111111111. 111, 1. 111111 1111 1111111 1111111,
Gen. 11, 11. neon. stsngt

usssngnsn, -1, f. 1111111111, Lye- 1111111111, 111. 11, t

111111ς, 1111111111, constans, 111111, Son.
gessistis, 1141. 11111111, constans, 111111.11,1.

1111111111, 11].11111111111, infirmus, ltsr. T. 1111.
1111111111, 11111111111111, 1111111. 11, 1.
ungansstgno, 1111. 111111111111111111111111111. 11, 1.
111111111111111, 1111. inconstanter, Past. 11, 1.

1111111111-1, s. 1111111111, pravitas, R. 1111111111. 1
111111111111, -1, s. 1111111111, 11111111, nes. 1, 11.
1111111131111, ·1,1’. instabilitas, 1111.
ungsstissffignyss, -e, f. 111111111111,11111111111, Past. 1,1.

huto! (statut, 111111), -11, 11.1111111111111111,11111.· 11 11 111111 111

111111 entra gna, 1111111 11,1. 1111 1111111, 1111111111 [111111111-
11, Dent. 11, 11. firma sedes.- 1111111 11 1111111, otton. San. 111.
111111 1111111111, 011111.111,1. 111, 11. 1111111, 11111, postus: 1111·
111111111111, 11. Bes. 11. 1111111111 11111111 11111, bys.
1111111111, adj. 11111111, 1111111. 11, 1. 111111.11,1.
1111111111, adj. 1111111111, 1111111111, 111111, 11.
1111111111 (-111, 1111), 1111111111111111, 111111.
111111111111, fundare, 1111111111, 11111, 11.
1111111111111, 111. firm, 11. sset 11.
11111111111111, -1, Γ. 1111111111, Ρ1. 111, 11. 11.
11111111111111, -1, Γ. 1111111111, firmamentum, Ps. 111. 11. 1111, t.
1111111111111111, -1, f. 111111111111, 1111111111, 'stom Anat.
amulung, -11, 111. 111111, 6111111.111,11. 1111. 1111111111, 1.
111111, 11].11111111, 11111111.
1111111111, 11].111111111 11111111, 111111.
1111111111, -1, Γ. 1111111111, Sans.

*1111111111(-111,-11),111111111,11111111, Ps. 111,. “ ’

„4 5111111111,11111111,1111111,1111111111,1111 1, 11. 111. 11, 11.
1111111111,-11,11.Μ11111111,11111111.,1
111111111μ-1Λ. [1111111111111Ρ1.111,11.’1’.

11111111111,-1,1”. 1111111111, 111111, 1. T.
1111, -11,1. 1111111111 1111111111, 11111111. 1111111.
-Ἴεῐῑόὼ, -11, n. 1111111111, qm} 1111111111.

1111111111, ·11, 11. 11111111111, nst. 1, 11.

11111111,-11,1. 111111111111111111, 1111. M· 1. 111, 11.

11111111, -11, 11111111 1111111111, 111111.

11111111, -11,Ι. equ, b. Itsr. pot 11.

11111111, -11, 11. qut equos 11 armento 11111111, 11. 1111. pot. 1.
111111 (11111), -11, 11. 111111 1111111111, 111111. nnn. ltsr. qt. 1111. 11.
111111,-11,11.1111111111 111111111111111111111111111111, 1111. 1111111111

et 11111111, 1111111111 11111111.

sutor, 11111111111,1111 etthan.

nnn, -es, 111. 1111111111.

gestus, -es, 1. strepitans, 1111. 111.

1111111 (111, td), 1111111111 1111111111 1111191111 1111, 1111111-

,nas 111111111111111 11 alternus, 111111. ml. 111. 1111111111111-
11,111111[11111,11111. 1. 111. 11. 111. 111111,11111111111.

 

