16666 mccc 111616. 1166. 11611. vim. 11611166. 116661666166

616116, 616. 17, 6. 6) 1166111661, crinea. 661 1161111166 6161116 66-
616611661, 066661. 16,11. 666666 666 616161 comoros. 6,1.
11661, -ca, 661 1111) 61166116, lisa. 61. 66, 66. 6) 6111666 ’11611166
6166 61611166 161666, 066611. 61, 6. 6) contentio, 116. 1111116 6666-
vinu· 616111 1161666166, Caeam. 167, 6. 61611 6611166 , 111616 666-
166611, (166. 1116.1’1,616.616111666 1661116666, caeam. 6, 6. 6)
16116661, iniuria 666 66616 616161 66 1116616, 66166616617.
6161661661, -66, 61. 6616161, accusator, 1661161161. M.
6161111616, -66, ιι. 6616161. 1111. 61. Sam. 76. 066. Ecca. 67, 61.
6166166616, 666111166661161, 166116116666, 1166161. 67, 1.
6166166666, -66, ιι. 11116 provocatio, criminatio, 666611. 6, 61.
61611116, adi-accusatorius, 166. 6.
61611666616, -66, ιιι. 11116 16161,111166161, Paci. 66,1.
6166166166, -66, ιιι. crimea, 6666161611, 61.
6161161616, -66, 661111616161, 111166161, 061116. 16616. Andr. 66.
616116616661, adj. injuriosa 1666666, 6666116, 116666. ι. i.
6161116161, -116, ιιι. 116, contentio, increpatio, Coi. Verc. 1111616.
61611166 (616116,61111),66666616. 1161 116616616611166, 1116111. 11, 16.

Q *fuson Coi. 116. cf. 1616611 616666
6111116, -16, ιι. 6166661661)ᾘῖ18. Ἢ

61666,6111 VlilNGAN.
*vium (6161, 666166, 166166), 1666116166111, 6661611661. 6611. 616-
166,111,· 616166661166.

61611, -66, ιι. i 6661611111 6666616, opus mirantium. 11611616 6611111666,
11611666. 616,17. 61611661 6611116166, 11116. 61166. 1611 6161166116
6116111661, 6611.

-Ὓ161116,66)’. mirac, 1111166666, Andr. 66. 766. 1161. 11166. 1771. 1677.
Caeam. 166, 67. (176, 6117.)
strissicc, 666. 6111611116 6166661, 061. 11666. 116, 16. (111616. 166.)

6161, -66, 666661-1, fi? 1166666, elephantis promuscis, 061. 16. 166.
1111. 61. Sam. 16. 61. 161. rim. 16616. rii,a. 666116,616166116,
eradicatio.

6161666( -666, -661, 66116611, recitaverim, 111661. 6666166.
cs. 161. 1616, 616616.

61666, 6161666116. .

nic ei 1666 composita, 616666, 6166666, 616666666111 1111116611.
· 6166,6166666,11666’66,6116 VREPAN.

1166666116611616166111166666. ’

Quacum), ,1166666 616666,616611111616
vm, 6166116116·

vtem (= 616666,6166161),-66,ιιι.661161, 1166166, 6161161116, 1111. 61.
sm ii. cf. 6611. 11666,16.
majia, 6166 1116166.

Vrii, 1166, vri (ε 6611. vri).

61116111 (6166, 616666, 616666) 1))1166616, pm 1111116616, exercere.
1616 116666, iram 6116111616, 06666Π1Π666166166 6116166116 1616
661166, 066161 11666. 66661661666166,ι661611661116611,11666.
66, 67. 6) 6161661, 66111 ιιι, mulce. ic 61666 166616 666161666666 cn
bum, 6666661416 vy'ffic 6616116111 61166, 116611. io, 1.

 

