1 1111111181 818181. 111111-11111 111

8881111118, ccv. 8811818811, 11818. 8, 88. c.

Γ 8111181181 88181118 (188, -11), consentire: 1) 88111 181. ge 81888 81-

, 181(81181188)11181·11881811111, 8881818118 8881181881 88111111 Ια-

, 8111, 8118. 11,18. 8) 8811 888. 811 8881811 881188881118188181) 1

8818811 8118 88118188 8818 8811811 anglum, 1881111. 881, 88. 8811111-
18181 8118, 881, 81818. 8,1. 88118811 811 gin, 81181888811118118811

,’ 1111118 81811181 8118 18818881, 1188111. 181, 11.

flamna, consentire, 8811811818, 11811 (88, 18. 88), 88818. 81, 18.

= 8181118, -8, t. permenio, 118818. 1, 1.

88811888, -8,1’.88111118818, m. 8, 18. 1, 8.

‚ 81181818, -81, 111. 8818818111, Son. 1118188118, Pana 88.

, 81181118, 8181111118, buc. 18, 8. c. 18. cf. 1811811 8881818.

11188811. 111, 111

88111111 (-88, 881), 88111118, 188. 8, 8. 0. 881 81818,1. 8. 1818 881111 11818-
18 equidem 8811888, cf. 181. 88118, Ι. 1888118811 188811. 1118111, baratrum.

8ου, vide 88, 881, 881.

huju (88 8118111811), 1118881818.

881 (811, Num. 88, 1.) 1) 18818811 111, 111181 88118 8818, 181 eqo 811111,
1888818, 88. 188 1118 8181, [111 811118 111, Μ818. 18, 88. 1111, 888, 11818.
1, 88. 81. 11811 8111118 18181118, 8811 88111111 111 181 118111 (18, 1).
881 11 1818811 1111 11118 11111811 88181 1111 1111188 11111188 (11, 18). 881 8181,
181 811, 8811.8,11..188.18,81. 8811 - 8181, 1111 ·- 1811 11818. 8, 81.
1818, 8. 18888. 1818,111, 8811, 11118.

Χ 8181811181, 8118. praeterea, 81818. 11,18.

881189) 888. postea. 8.. 081181. W. 11. 118, 3 8.
88111888, 8881111111, 1118. fleu. 18.
’““8ἶ811,11Ῐ1, adv. 81111 ιο, 118118. ,
88181, 888. 8188, 8811. 81, 8. μ,
818188, 888. 1888118111. 88,18. “

μ.. 88111138, 8881188118, 8181111, 11818. 8, 181, 88.
818111, 818888881188181, 11881. 18, 88.
&muz 888. 8 8811118118, 111118.
8811111811, 818. praeterea, 118118.

·· 88111Ἐζῖι18Σ88181, 88818. N<
8811818, 818. 81111 eo, 8811. 17, 18.

881 8) conj. 881). req. 1111, 811 11111 111 8881881, 881, 8111 8811118 111
11818 881118, 818188881818811111888118 118 cyning 881811, 881188 81
88· 18188888]1118,118 888181 convenerunt 88 8888118888, 81, 11188111
81111881 peronam, 818818 8 18811 [8111111118 ream 8111 811881811888118
um 81888818 (11,18). 8811 811881 118 88111181, 8. ur. 88 8811 8811 81
8118 1881, 88888 1818 81 811111 881 811811 81811188 8118188, 8811 1118111
1181, 88111 8111 18811818 18111 811111 (11, 1).

hm, 10181 1881 18 111, 181

pau-2, 8181 8111811.

Ρ8 (= 11111 18. 18. 1³⁸)-

81 1) 818. 1881118118, 111111, 1111181 88 8188 1181, 111111 1818 1118111, 81818. 11,
81. 81 888, 111111 881111, 1881811, 1. 11 88 888188188188 on 18118 188
181188 (81, 11). 81818181811111111 1111188 8818111 (8818). 8188-
118 18 188118188, 81). 81 88118, 11181 8118, 8181181, 88818.11,88. 8888.

1811118888, aen. 18, 11. 11811. 11, 11. 81181111. 11811. um,

 

