1112 V. 11111111 111111.1111101.1.111111.111111. lump-mm

· hvelung (1111111111), -1, f. 1111111 tubae, Cot. 111.
11111 (1111111), 1111111111, Cot. 171.

11111 (= 9111. bvi, hvai).

*nvflomn (111111, 1111111, 11111111), 11111111) 111111111111111, 1111111

.. - 1111111, 11].11111111111. 11111111111111111,11111111111111,.1111111.111.

1111111. 1111111. .
111111(11111),-11, 11.111111111,11111. 1116. 111111, cot. 116.
⁹² 11111110111111), -111, m. convexitas. 1111111111 11111111, 111111. 11.
1111111, devexus, 011. 61.
1111111311 (111, -111, 1111111111, som. 111. 11111111
11111111, 11111111 (1111,-11),1111111111. 1111. 1111111.
11111111, 1111111, mod. 11, 17.
1111111111, obruere, Coedm. 2⁰4, 18. ·
1111111111, convolvere, 8111.
11111, -11, n. 1111111111, 111111. bor. 11111,11. 1111111111, 1111111111·
111111.
’ mov,- -,11 11.)1111111111,1111. 111.1111(11,1111111,1111111111111, 1111
111111.
hveopjan (-111,-11),)111111111,1111.

κ· 111110111111(111111,11111111,1111111), 11111,11111111111111, 1111111111,

111111111111111611111111111111111111,1111111111 111 11111 potest,

111111. 01111. 11, 11. on 11111 1111111111, memilianum, 0111111 11,

11. 1111111111 111 1111111111 1111111111 lirun, 111111. 1, 1. 1111111111(

11111111111111 on 11111, 11 1111111111 ipse 11111111 eju 11111111 111

(111, 18). 1111111111111111111111, 111111 11111111111111 1111 11111

111111, 1111111111 1111 nunc puto.- 111111111111111111111 11111111 murt

111 1111111111, 111111111111(11.11111111111) 111 corpore 1111111 1111

..1111111111 (1111111111 11111111, bor. 111111, 1111111111·

11111111.11111111,1111.111111,1111111.

11(1111111 11111111, 111.),11111,1111111.·)1111111111111111111111·
gemynd, 1111 11 11111111, 1111111111111111111111 1111111 morian
11111111111,111111 ad 1111111111, 0111111 11111111. 1111111111.

11“Ω>Χ’1111111111·(111111111111,111),11111111111411111111,1111111111, 11 (111

uno 1111111111 1111111111 1111111111, 1111111111 11111Ὶ11111 11111·

11111 separavit, 111111. 1111.

1111111111 (1111111111, 111),1111111. on beorh 1111111111, in monton ’11- ,
111111 111, 11111. 1111. ι

1111111111 (bomem, 111), 1111111. 111111111111,Ν111. 11,11.μ1.
1111111111, 11111111.

fromhveorfan (11111 1111111, 111), cedere. 1111 hle 11111111111111111·
1111111 (= 111111111111111111111111), Coedm. 58, 1.

1111111111 (11111111, 111), 11111,1111111, som. 111111. 1111.

1131111111111111,1111111, 111111.

1111111111 (1111111111,111.), 111111111, 11111111, 81111. 11, 1. 111
(1111111111111111111111111, Caedm. 111,11. 11111111, pi 111 11
11111111 11111 51111111, 611111. 111, 11. cf. 11111111111, 1111111111.

1111111111 (11111111,111.),1111111111, chron. 811. 811. 1111111111, 111-

11111 1111111111 geond vldfie³grund, 11111111 1111111111, 0111111.
111, 1.

x -wsuvws ww? ⁴4 111

 

 

