Vaeee a sibilante 1111111111. 11111111111111110. 11111111. 11111

amaeam (1111111,111.),11111111,111111111111, 11111. 1, 9.

11111, -11,11. 1111111111, pullus, 111111, fovea: aa 1111111111 1111, aea.
1111111117. 111111 11 11111111, aad 11 11111 oa 1111111111 11 111111,

Pe. 7, 11. 1111111111111111, 111111 laeum, 11111. 11, 1. 111111. 1.
larua) 1111,111111111 receptaculum, 1111111, 1111111. 17,1. 111111.
11111, 111. [111. 11111, 1111.
11111111111, hya), -11,111.1111111111111111, 011 171. pullula, 1111.
111111(-11,-111), decoquere. 111. 111111.
esaum, decoquere, 111111.
11111, -11, a. 111111, 1111. 11.,11.
aya (11111),·11,11.111.1 volutabrum, Lye.
gesyd (geeydfe'l), -11, 1111111111111111, 11. 11.

si (ε 91111. sei).
11, 1111, ⁸¹5 111, 111, 1111 (el 111, 11111, 111. elge, 111111,111.), 1111, 111,
111, ulmus, cel.. 1111111111.
1510111 (111,111111, 11111), 1111111111, orae. 1, 7. 1111111111. (111 Der-
1111. la 11111).
11111111 (aneae, 1111111111. 11111, 111111. 11, 1.
1111111 (pra 11111), -11,11.1111111111, Pe. 19, 11. 1.
1111111111 (111, 111), 11111111, 1111111111, 1111111111, 1111. 111. 11, 1.
1111111111μ1, 1. 1111111111,111111111, 1111111111, llum. 1111111. 11.
11. 78.
11111111 (111, 111111,111111), 1111111111 1111111 11111, 11111111 1111111111 eu·
1111111 (111, 11).

2 111, adj. 1) amplus, 1111111111, lalus.- 1111 1111 11111111, laea ampla
crealla (1111111111), 111111. 1111111111. 11111111 1111111111 11111111, mam
1111111111 1111111111 terrae, cuam 114,1. gaona 11111 eldaa
gual, 1111111111111177. 1111 111111,11111111111111111, 01111111.
111,14..11111.1961.1111111111, 1111111111111111(119,1111.11111
Ψο, ampla 1111111(118,118). 111111111111111118111111111, 111ἱῖ
uu 11111111111111111111,11111111. 111111111111111111111111·

·— 1111111,111111111111111111111819.1)111111.·111111111111111,
1111111111111111111111, 111111. 1111111117. 111111 1111111111 11111111
1111,111111111 1111111111 111111111111 unu 1111111111, 111111. nauel.
ρ. 117. 11111111.111111,11111111.111111. ·

1111111111, pare. ampla 111111 praealtus, 11111. 111.

11111111, adj. 11111111 euplum praedem, cuplllulue, 1111. 11. 41.
1111111111.

1111111111111. 1111111111, 1111. 11. 41. 1111111111.

ulma, -er, murelum amplum, 11111. 1171.

1111111, -11,11. ampla 111111, 1111111111. 11.

1111, 111 11111,1111111.·1111111111111,(111111.1,1.

1111, -11, f. luluu: 1111111111 1111111111 111111111,.111.11,11.11
11111111· 111 1111111111 111 eldaa, 111. 11, 11. 11 1111111, 111 lalus,
011111. 111, 1 11111111111111,1111111,111111. 18,1.11111.1111.

11111111, 11. 11111 lu 1111111, 11. 11.
111111, -11, 11. 111111 lu 111111, Baua.
1111111 (11111), -11, m. elular 111 111111, Bauer.
111, ια, 1111111111111, 11111. 17, 1. c. 11111. 11111, 1111, 11. 1111111

 

