18 Voeee 1 semivocali 1111111111. 1111111111111ζ11. Ἠ

11111 1111111 111111, 1.. Melet. 1. 01111. 1, 7. 1111111 1111111111 11111
111111, Dent. 11, 7. 1111111111 1111111111111 11111111, Caede«.
. 1111,1.
„- 1111111111 1-11, -11), prohibere, 1111111111, 111111. 11.
“ 1111111111111111, -1, 111111111111111111111, 11111111. 1.
1111111(1111111),-11,111. incola, 0111111. See. 1111.
11111(1111), adj. 1111111111, 1111111 (1111111111) 11111 1111111 111111 11111
voerum verdum, 0111111. 11, 11. theod. 11111. 11111111.
gevaere, adj. 11111111, Malle. 111, 17.
gevoerelaecan 1-1111111, 111111), commuuefaeere, Ilt'r. 1111111.
1111111, adj. 1111111111, 1111111111. 111111111111111, 1111111111.
11111 11111111,111111111; verenae, 1111111111111 11111111111 11 aliae
11111 fi 1111111 11111111 1111111111. 1111111111 111,11111111,1111111111, ’
1111111, 1111111, 11111111, fame 1111111111 potuerunt 11 propter 111-
1111111 'affinitatem et 111111 111 1111111111 11111111 1111111 1111111,
qulbus 1111111111 1 vel 1111111, 1. 11. 1111111111, 111111111111.

,κ 1111,·1,[.1111111“11,11111111. 11111 1111111, Caeam-18⁷, 7. 1111111111,
Caeam. 1111, 11. 1111111111 1111 1111 11111111, Caeam. 1111, 11.
11111 1111111111, 01111111. 111, 1. 111111.1ν111,1111111,11111111. 11.
wara. 1111111111(ὶὴ am 171

1111. Voces 111111 v r vel 11111111111111, 1111111 111111 1111 1111111111
potest, 1111 voce 1111· 1111111, 1. 11. 1111111111, 1111111111, 11111111, 111-
11111, 1111111111, 11111111, 11111111, 1111111, 1111111111, 1111111, 111.
mox 1111111 111 1111111111111111111 11111111 11111111, 111 1111111111, caede.
1, 11. 1111111 111111 111 11111111 (i. e. 1111111), caedue. 71, 11. 111
11111111, Caeam. 111, 1. m, 11. 1111111111. 11111111, 01111111. 111.
7. 1111111111, 12111111. 11118. 1111111111 1111111 11111111, verene,
vergenge, 111 leguntur, 1111111111 vocalem brevem defendere 11
dentur.

vom, -11, 1. 1111111111,111111. 11111111111, 111111. 111111. 111.
vom 1111111111 11111 1111111111, Caeam. 71, 11. 1111111 111111-
11111, 0111111. 1111, 21. 11111111 1111 11111111, 11111111111111111
1111111. 1111111.

1111111111,11111. 111111υᾶ1111, Son.

a„ 1111 (1111, Gen. 1, 11. 1111, vm, Boew. 1. 1.), -1,1“. 1) 1111111111.
111111111111,111111.11,11. 1111111 111111, 111111.11,111. gebo
1111111 wlco 11111,1,111.11,11. 1) radix, 1111111 1111, caedue
117,19. 1111111111111. Utrum 111 1111111111, 1111111111
111111111111111, eaedemque 11111111 1111111111, abjecte 111111 v, 1111·
1111111111 111111. 1111111. 1111111111, sed 1111111 111111 11111111·
111111 11 111, pecus.

1111111111, ·11, 11. 1111111111,1111·1. 7, 1.

11111111, -1, Γ. 1111111111 11111, Im.

1111111111, -11, 1111111111. 11111111118111. 111.

111111111, -11, 11111111 1111111 confecta, Cot. 1

111111111111,1111.111111 1111111111, 1.. Med. 1, 11. es. 111111
1111. 11111111.

1111111111,-11,[.111111111 incantatrix, 011. 1111. 1.

1111111111, -11, 11.111111,1’11111.111,11. 11. 11111111. ·

vyngenang, -11,1. 1111111111 111111111,11·111111, 111111.11,1.
huc. 11,11.

 

