110 00001 0 0010101011 1000110111. 1011. 1011 11111. 10110. 'iil ’μ

1111101100 (0011101100), -00, 01. 1001111100, 1110. 01. 8001. 70. 1111

springus 0010 0110100010, Gen. 7,11.8,1.

1000010000, -0, s. Ῐο0111101 000101, 11 8000. 000. 18
111Ιο (10111), -00, 011001, 11000. 10110, 0011. 4, 1. 11. 11110 0001101111

00111300, 1110.801.,010,11.10 pe 1100111111, bam vyuau ealles 111
0010001110040, 1.
101110-00, mom, 0000. 100 10110 000 pit 10101, 1110. 801. 478, θε
011000 1011000011 1011111 10110111ὸί1100, 1100 801. 001, 10.
1111000100-001. 01001, 00001. 14, 1. 81, 1.
1011000110, -nn, {- 0014001100 aquaticum, 001100. 1101101ερ
111100. heum 0011111111, m·

10110111οἑ0, -00, 01. 11001111, 000. 0100010010.

vyulc, 001. 1001011111, 00111, 180.
101100, 101100 (10100, 1110001011110, 011110) ebullire, 100101νο, A'lsr. 01
10, 0.
00101100 (11010101, 001.) coquere.
0000101100, part 10000101, 100.

0101101100 1010110100, 001.) effervescere, 00110. 1. 1.

1101011011 (11010100, 001.) effervescere, 00011100, 1100. 810. 018110.ἑ
11111, -00,0.10110. 1001111100,10000 000001,1..10000 000. 8. ¹
11111, -0,Ῐ. 1000. 10 1010 1001 110 010 111110, 000 1110010 001 11001 10

11001,Ρ10001.147,0.

1111101010,-1111,41. 1001100, 8010.

11101011, -01, 01 10010 pecten, 8101.

1011100001, -00, 01. 100000, 010101, 1001101110, 001. 111.

10111000, -01, 010 00110800 ¹

00110101110 (-100101110), 11101· 1000000110010 010010· 10 11100 01

000001), 011. 00011010.
11111000, -00,0101.-(001-11100, att-‚fi ἵ) 00100000, ,4110 00. son. 11
101100 (11111011), 11011100. 1100 001110 11100100 1100111111 01110111 10101
ao vyllenum, 1110. 801. 088, 0. 0010. 01. 8001. 08.
101001, -00, 0. 00111. 10001100 on 11001 volonum, 000. 0,18. 011110
0111010111, 800111. 10, 1. cf. 001001000100 101 1110110111. 1
1010111010, -0,Ῑ. 0001011101, 01101001 010111, 010010.110,11.000
10000.181,01. 1
1010010011011, -00, 0. 0001010 0000110101, 0οο 10000181, 11. 1
1010001010 (1000111101 10010ου1000, cs. 100100), adi. 1000100111
00011. 17, 18. 11001. 110, 1.

101011111000ομ00, 01. 0011100001, 001. 144.

0010001100, 111101, 10110000, 11000111Μο1, mgnum, 1000110000, 11100
11001101, 1111000000, 1111010, 1111100, 101110, 11110010, 1111000, 110100101011
0100 Vnam, 00110. ι

vnn, 0001110, 01110 100111.

11111, 0011001111οι, 1111000, 1010000110, 11111110, 0101 01101810, 00110.

11100, 0110010011, 0101 100100. .
· 01110101 (11010), -100, 01. 01110. 10111. 011111οι0111 0001 1000100, chr
800. 7110 878.
01100, 1110010011. „
011101, 0001. 111111, 0000111101 0011. 0001 011100, 1. 0. mum 11
chron. 800. 871.
8011100011, 01. 7114000401 mr, 000011. 801. 870.

 

