Μ lom 5 50110055· 0055100100. 0501. - 0500. clm.. 0100 0001

0511100150, -00, 01. 0015, 110000.
05015, 00515150, 0150 (115111.
05011, 05011100, 0150 05051111.
05511150, 0150 (15510111.
05010, 5150 0010. ,
· 05000500, vide 0000500.
0500551005, 00000100, 050015, 05000001, 05000, 0500050150 1111011111.
Χ 0550150 (050150), -5,1. (01 -50, 0.) 0501011500, 0050. 00 mig 055 050010
0550551015, 51515.5,11. 50 5000510050 0500105, 115015. 55, 5. aaa
00010. 10 0501. propr. 0051000 00000150, 0. 50. vii 11000005001000(55,5).
0500150100, -5, 1. 5011050000, Sem.
N* oeulerbiienie, 5501. 01010, 11050. 1515.
00001005115,-00,0. 0051055015, Col. 15550. 50, l.
,, 05001000οτ5, -0, m. 5100. lani. 01000, 110000.
0500150050015, -00, m. polymitarius, Col. 155.
050051, eide 00051.

ci (= 5515 ki).
1(1111150111 (05011, 001100, 001150), intumescere?
01110 (50115), -50, 00. 0555, 0100, 0050. 5, 1. 1100051051.
010110, -00, m. 5555, 11151. 1, 5.
051105, 5511001 pari? rotundus? 50 clypeo 5151100. (155,185. 01.
eliam 151, 50.) 0
00115, -00, m. 50100000. 10 compositione 1501000 1051100 505 e 51-
5115000115, 50110 5010000000, 555, 50050, Caeam. 195, 50.
-κ, 05011100 (-555, -05), 5001100000, 000500, 15. ,1051 0. 151. 550. kelle.
” '² 001100, pari. 10011500, 0055050, 55000.
. ,- 0005015000, aij. 50550, 0550501000, 11055. 5508. 5556. Andr. 555.
0011501500000 (-50, -55), exinanire. 01. (1010000 55 Andr. 0111100.
p. 101.
00110, -00, 00. 100000, horror? 1051100 10 0011000005100110000510) 0500
pltea 50511105, 0101 15010 0011000005 1051505051, 5500. Mene A. 511.
151) 5505500005, 100050 matutinus? 505115. 115.
0011, -50, 01501100, Gen. 51,15. 01. 15055. 10515, 5005550115.
0011500515, 100. 500. 055511150515, 505015 caballi, 11. 11.
*GESAN (050, 005050, 05050), 00101, volvere? S 1011 1050011.
01011 (050051), -50, m. 515005, 110000.
0101101110, -50, 0005151500, 110005.
000051 (05001), -50, re? 1) 50010100100, 150. 5) 0505, 115000. 01. lor.
kile, 1. 0005001000 kasa, 000500000, cumulare, 0110105 05015.
0101 (0501), -5, 1. 05505. 15005.100010,00.101010,1
0505, -50, m. 550, 01. 0550505. 5515. 1510, vae, 1101110. 500. ker, 050,
palus. 111005. 0000, 000510.
00000101050), -0,1.1 1) 0501101110, einum, 5000. 5) sapa, 110111.
011. 10.

000050 (-55, -55), 5511500 (butyrum), Sem. 500. karna, 1550000000,
01015000.

Ceo (= 5015. ki).

00011, -50, 001 500110. 01. 51005. kil, 1000, cavea.

 

