1111111111111111111111. 1111. 111. 111. 111. 111

111 1111 1111 111111, 111111. 11,11. 11111111111 11111 1111111 1111 11-

. 1111111, 011111. 11,11. 111111111111111111111111 11 geroaldo, coedm.

⁸. 11, 1. 111.11111,1111 1111111111111,11111.111,11. wyte-gn, 111

1 11 111 mig gehoelnn, 11111. 1, 11. nrm 11111 pro 11111 11111 1111111111

ι 111 1111111111111111111 ,1111111111111110 11 Τ 1111111111 confunduntur.

,1 11111 11111111111111111111111111111. 111111. 111, 11111. - 1111111111.

*r 11111111111111). 111111111111(1,11). 1111111111. 111. 1111

it 11111111 111 111111111111111(1, 11). acc. 11111 (11111), 111. ge·

, efferim 111 111 111111 (1, 11).

Γ 111, 11111111. porr. 1111. 11111, 011111. 11, 11. 11. 11. 11,1.

,....11111, 1111111111. 111111. vertere 1111111111, cram. 11, 1. 1111111

, (pro 1111111111111111, 01111111, 11.11,11.

: 11111, 1111111111. 1111. vester: 11 1111111111 ge 111111 111111 11111-

z 11.1111111111111)11111111111 1111111111 vestram 1111111111(1,1). 11-

, 1111111111(1, 1).

,1111111111111),-11,11111111, 1. 1111111111. 1111111111) 11111.
1111.

, 111111, 1111. 1111111 11111111 11111111, 1111111, 111. Ι.. 11. 11.

Ι111111-1, plur. 1111. 11111. viscera, som.

1111111, 11111, 11111111, 11111111, 111111,11111111, 11111 111111.

11111111111111111.

111111111111111, 11111 1111.

„fii-b (1111, 111111. 11, 11. 11111, 111111111111. 1) 11111 ace. 11) 111,·
11111 11111111111,)111 1111111 Mean, 1111111, 1. 1111111111 dagno,
per 111111 dier, 11111. 1111111, 1. 1111 111111 111 1111 11111 1111111
111111, 1111111111 11 per 1111111 11 1111111111, 11111. 111111, 11. 11
1111 111111 1111111 111111, 1111111 1111111, 11 11111 1111111111, 11111.
1, 11. 11. 1))11111111 1111 111 1111, propter 11111111 1111111111, 11111.
1,1. 1111111111,111111111111111111,1111.11111111. 1) 11111 1111
11111111 11111111 1111111111,11111111111111111111116, 1). 1111 11111-
1111111111, ipra re (11, 11). 11111. 111111 11111. 111111.

Vocet 11111 1111 comperitur 1111 11111111111111111111 111111 autem:

1) 1111111111-111111. 1111111. 111111. 1111111. 111111. 111111. 111. 1111-
111. 11111. 11111. 11111111. gru (111111111111. 111111, 111111. 111111.
11111. 111111. 1111111. 11111. 1111111111. 11111111. 1111111. 1111111. 1111-
1111. otingun. rvegjan. niujan. 1111. rrymjan. 11111. 111111. 111111.
1111)·11. 1111111. 11111 (11111). 1)·11111.

1) substantiva: 1111-11111111.1111. fir. monog. vunnng.

1) 1111111111111111111111 1111111111. 111111. 1111111. 11111. 11111. 11111.
1111. 111111 111. 11111. 1111111111. 1111111111 11111.

1) 11111111111-111111111111.

,, 11111(1111),,1111111111117111.11111.111111. 11. rma.

111111. ‚m ‘’sa-'1' “
1111111111( 1111. 13111411χ111111111111 11111111, cod. 11111. 111, 11.

111111 (11111), -11,11.[111’11111, 11111111, 11111. 811111, 17. 1111-

111111 11111111, 111111. 11,11. 1111111111111111, 1111. Sur. 111, 11.
11111. 111111.

11111111 (111111), adi· 1111111111, 1111111, 1]

11111111, 1111111 (111, -11), perforare, terebrare, 11111111, 1. 111.
11,11.

..Unam erelnng), ·e, f· 1111111111, M 1111·

 

