118118111111811 1881118181. 111. wc

(1118118,111)18)181 1181111118 18118, 111111 1811811111 1811181181

(18, 88). -1811, et 111. 11811 1118111. · 888. 11818. 1111 111 8811811118-

11811,(111818 111811811118(18, θ). 111811. (1118118111, (11118 18 111-

11181 (11, 18). 8111, (11118 1811818118 sang, 1118111118 11118 (11,

11). (111 plag 811 11118 (-- 1111)(111818111111811811818111

(81, 8).

8) (11 81111 8111111818111111111111111 (18111181, 11111. 181 (8,11)111-
nomini 18, 181, 111, praeponatur 118, 11811 1811181118· 1. qr. 11811811-
111 18811 11111881 1181 18 (18111181881 1111181, 1111111818 (1.1. 11811-
re) 11111118 1181111111 sententian qm 111811 11111111, 111111. 811. 1111
18 1811818, (18 111111111881111, (181118 11118111 111118, 1111111-
11 1111111111,811]11188111111111811, 1881111111 11111 11811111111111-
181111, Eleu. 111. 18118 18 (11111 181811118118 1818111111, 11818 188·
11 1118 811111, 181111 111 securitatem 111118, quma doemonum 18-
ceperat (11, 1). ε’(111 111” 11 “11818811”1881111111 (111 1118 11111111,
1811 praetermittendum 111111 11111111.

1) (11 811111 111111.118811]111111111111.· ·

(1211 118 (111118), 88111. e 11111 (11·11 (18 011818 (111 81111118111118(11,κ

11). 111 1811111118 81111811111811181(11,11). 111 18111111

(181111111811811111 111, (11811. (11,1).11111 11811 111111, (11118

118 er 11181 811181 (118111118818111111118118,11111 m.

111111811811 1811811111181(81,1). (1111 1111111 1811 111, Q

ς811111ξ,111118188181 111811(18,1).11811111,11111 11111 1111

1811118111 muge· 1118,181111111111 181 (111 (18 181118,11111111

1111181 1111 11111118 8181 1111181181, 11188111 1118811118, quw

temporum 111118 1811811 1881111111 - qun 1111 cantilenarum 1111·

den (1.8111111181111118111111111181, 811111 foedavi.- (81111 (ree

181118) supro 111881 11111 811, difficile 11811, Andr. 1111. 1111 11

m 111 wigo, 1111111111 18111 facero 1181111, 1.. 011111. 1881. 11. 111·

11- 111 (1111111 1811 18811181881 godes 111 1111, 111 (18 8111188-

18, 11111 111 111111 1181111111 18111 111111, quatenus 11 eo 8111111

11,1.

11(- 18 ⁸{onj 111111, 811111Ῐῖ18 1118111118 11188 (1111 loe 18 cnuumfflfg„
11111181 11181811181181111111, 11111 (1111111181 8111118111, cum 811111
8111111 cremam 8811111118 mma (11, 111. sea 11111111 11- 1
11111111 111118111111811111 111 11181111 11811 11111881111111 inpar 1111,
8111 811. omo, 8818111111.

111118 ((111 (11), conj. 1181, nt: (11118 811111 18111 1111 1888181 11118,
1111 1111118 1181111 1111881181 1118 (11, 1). (11118111 111118 111181
18881181111, 11). (11118 181 1181181, (18 18 111 1111118, 11 (11 11118-
18118118 (111 11181111 18111181 111 11181 (88, 1). 111 111 11118181-
181, 111118, 111111 1811811111 11111 1111 11181111 1111118 (181118,
(11118 818111188 111 1111111 18118 111111118111 111 1811818118
(81, 11).

111 (18, 88111. quun, 11118 111 1181811111 81111181, quun corpore 18-
1111 11111 (11, 18).
buon 18, 888111111111181 118 1111 18111818 11 1188811 (11, 1).

1811 188111. 1111118111 1811 (18 1111111811111 1118(1,11).11811
1³3 111 1111181811 118 11 181181 1111(1, 18). (1811 (18 111 1111111111 111·
111 (18, 81). (1111 1818111118(11,11).

81181111 §ab 88111. 1181111111 11111,11111881181111(11,8ἵ1-

 

