’1111 1 1111111111. 1111111111 1111. 1111. 1111. scin. 1111. 011

1111111 (11111, 1111111, 1111111), cedere 1111111111 11111111. 11. 111.
111111, 111111 partes, 11111111. 1111111 (1111), 11111111111111111-
1111, 1111111111.

gennem! (1111111, 111.), 11111111, 111111111111111 1111111111 111
aeteya 11 hin 1111, 11111. 11, 11. hig 1111111111 11 1111111
1111, 11111. 11, 18. emer 1111 11 11111111, 111. 1, 0.
1111111 (1111111111111),-11,1.1111111111111, Sum. 1111. 1111111.
11111 (wyte), -es, 1111111111, anqulm 111111, Ρ1. 00,11.
1111111111, -11, 11. 1111111111, Scint- 61.

11111(11111),-11, 1111111, 11111111, on 111111 1191111111111, Nam,
ιι. 11. 111. 1, 1. mu„ 11, 11. ιι

1111 (11111), ·11, 1. 1111111111, 11111111, solano, 8111. 1111 1111111111,
Romanu 11111. 1111.

1111111111 (41111), 111. 1111111111,111 1111111111, Bono.
geacot (1111111), -11, 1. 1111111111· 1111111 (ιι vepna) flu.
gon 1111 ninum 31111111, 111. 1. 111. 101. nim 1111 genem,
1111. 11,1. 1111110111. 1,0. symbolum, 1111111111111, 11.
101.
1111511(·111,-11),11111111, Giton. 111. chron. 111. 1001.
1111115111, jaculando 1111111111, 11111. 11, 11.
Κ11111111, -1, maculatio, 111111, 111. 11, 11.
ι wyte. -11, 11. 11111, 1111111. 1111111111.
roncytnc, adj. 1111111111 11111111111111111, 1111111111, 111111,
leve.
onoyte, «11, 11. 1111111111, 111. 1, 8, 11.
1111111111, -11, 11. 11111111111, Atqu. 1111. 1.
sunem, -11, 11. eruptio, 11111111, 1111. 1111. 1, 101, 11.
.. 111111111111111111111, 111111), -11,11.111111111111111, w 111111
numm, ι.. 1111111. ι. latr. μοι 11.
1111111111, adj. praeceps, 011. 111. 111.
1131111111, 11].1111111111111, Son.
119111(111111),-11, 11. 11111111111, 1111111111, 011111, 11.
doymo, -11, 1111111111, cod. 11111. 111, 11.
1131111 1-111, 111), obserare, lm. 11. 10.
renorma, praevenire, Pe. 18, 10. b.
noym, 111.11111111,111111111111, 1111111111, 111. 11111. 1, 1.
111111, -11, 1 1111111111, 1111111111, 1111. oum. 1, 11.
1111111, -11, 11. 1111, ma, 111111, mamm, 111111 11.
1111111, -11,11. 1111111111. 11111111, 111111, 111. 111, 11. 111,1.
1111111111, -11, 11. 111111, cod. 1111. 10, 1.

sen 1.- ,11111
οι. (notu), 1. plur. 11111, 1111 1111111. 111. 11. 11111 11 111111
scium (1111, 111111,111111), 11111111. 11. 111111 80111111.
1111,·11,1.1111111, 111. 17, 18. a 111. 1111, 1111111 11111111, 11-
1111111,ι 1111111111111. 11111. 11111.

11111, -11, m? 11111111, Cot. 111. 111. 11111, 1. 1111111111111111111.
1111111111, 1111111111 11 1111111111 1111111111, 11. 10.
nomn (1111, nomn, 11111), novom, 111111. m 111111 (1111,

ut). m. mr· (111), eumn, 11111111 11. soom.

 

