114 4111141141 1111411411. 1141. 1141.

par. 111111, 11114414. merl. 1111114, Marc. 4, 7. 1114. 11111;
4411411111, 11111111. 11111 1111. 1111111111. 111111.
unleds, 114111114111111111, cadam-W, 1.
ἢ 1111,-11,11. quod 91141111 1141 1111111, dominus. 411 4141 111 1111-
411 11111 tantum 14141 est. 11111 14111111 11 11111111, 1141, tuam vo-
cem 1114111, domiue, 41111. 4,14. 11111111 11,11111, 4111144411.
14 1111, 1 domine, 4111. 14, 44. 11. 441111. 11114,11. qratia. 111. lius,
1111111111. 111414. 1111,11.α111114111,11111111.
1111111141. 11111141,141141, eadm. 144, 4.
1111111, 1114141441, Bu. 4, 44.
11111111, -11, 111 nom. propr. 041111. 811.
1111111111, -11, 11. nom. 111111. 041111 Sam.
1114111111, ·11, m. 11111. propr. (144, 444.)
Α4111141111,1111.11114111411111,111411111141411, 111144. 14. cod. 411111. 47,
4. 447, 41. 11. 111. 411411, 1114114111
1111111111, -11,111. 1111111111. 441111. Sao.
’Χ 114111111111.1111141444,111144.14
11111111, -11,111. 111111 propr. 641111. 4111.
1141,-11,11.114111111,11144.41, 14. 11111 grenan 11111111 on 1111 114111,
11111411.1144.14111;111.11111;4411411114, 11111.
11411111,-11,11.1111411, 41111.
ε1114111111,·11,111.11·11411,41111.
11111111, -11, 11. verm 11111111 111111, veum 14, 11.

11 -1,1.111111111111. 1111111 11111144 41111111111411,4111144,.4
11141-1,1.11111111111,111111 - --,11 · -
W -an, m. 141111, Mucia, Bono] f

’κ golja-an, 111. 141411, 11111111, Boea. 4, 4. 111144. 14, 47.
1111114111-111,111.11111111114411,1111·1.1,4. ·
14111111,1111.1414111,111141.
1111111111, 1111411411, credulus, 144141, Paulus. 77, 41. 4411. 11. 8.
gelefiffullic, 1111111111.
111141111111111, 1411111111, 14411. 11. 4, 44.
1111114414, adj. 1111111111,1111111411,.114. 4, 44. Marc. 4, 14.
11111114111111, 141.1111·111114111,411441441, 4111. 14.
11111141111111, adv. increduliter, 1111147.
11113111411111111, -1, 1. incredulitas, Marc. 4, 41. 111144. 14, 48.
1111411111, adj. 1111141111, som.
11411141, 1411111141411, 11114141, svm.
1111411141, adj. 1111141411, 1111411111, Sam.
3111411414, -1, 1. incredulitas, 11114. 1, 41.
1141111111, adj. credulus, C. 14. 1111111111.
1 1141111, 111111411141111114111.
11114111, adj. 1111111111, 1411411. 44, 7.
1111141111, adj. incredibilis, 04111. 81111141.
11111111,’111.11141414411·,· fideliter, 4111.
1111114141, incredibiliter.
Χ11441111 (1111111, 11111111), -1,1 1111111111,11141, Rea. 4,1.
-ης111111111μ-11111111141111111111111,1111141 1111111111.484.-
μς1114111111111,-11,11. 111114141111141111, 11111. 444.
lailoun, 1141. fidelis.
[61044411 adi· 144141, 1441. 4,11.01·11.4,4.

 

