vom-mmm 1111111111.1111.1111.111

111,10. 11111111, 11111 dm 11111, Bel. sn. 111 , 1. 1) 11111111,
tm, 111111111 1111 111 11111 1111111111, 11111111. 111 11 1111111111
1111111111. 11, 1. 1) uum 11 1111111111 111111 1111111, 111111.
praes. 1) fabula, 111111, [11111 1111111111111111, 1111111 mulum
[1111111100. 111111. 1111111117. 1) mmm, 1111111111, Cadus. 61,
ιι. 111, 1. 111, 1. 1) incantamentum, 1111111111, 1111111, 1.
111. 1111111 11111. 11111. 1111111111, 11111111, 1111111.
1111111, -11,11. conjectura, Cot. 11.
11111111 (1111111), -11, 11. 1111111111, 1111111,Μ111.11,11,11.
111111. 11, 1.
1111111111, t. 1111111111,111111111111 11111, Bam.
11111111. 1111111111 11111, 1111. Am 1. 111,10.
11111111, -11,11. promea, 11111111, cada. 110, 10.111,1.
1111111111, -11, 111111111111111111, 1111. 1,1. .
11111111(-111,-11),1111111111111,11111111, 111111, mare, 111111, Boea.
11, 1 Aufr. 11. 11. 11- vi· ιιιι ascet, 111 u 111 11111111, Boea.
praef. 011. 1111111111111,1111.11,11.
1111111111, 1111111, 11111111, Iac· 11, 11. 0.
speum, -ο, r. 1111111, auom-u, 11. 111, 11. 1111111 noea 1.
svam (1111, 1111111,111111),111111111111, 11111111.
,1111111111 111111), -11, 11. 1) 11111, 1111111, unum· geopenue
111 111111 1111 11111, 111. 11,11. ge 1111 1111111111 11111111, 111-
eod. 11,1. 1) 1111111 11111, 111111, 01111. 1111111111, 01111,
111. 11111. 1111101111111.
1111111111, -11, 11. um 111111, God- 1111111. 118, 11.
1111111111, adj. 1111111111, 1111. 11. Son. 11.
11111111,·11,11. mna 1111111111, 1311111. 111,1.
1111111111, -1, r. 1111111 11111111, 11111. 11. nepeta 1111111111,
ΜφΜΜ
1111111, pm. 1111111, 1111. 11. 11
1111, ·11, 11. 1111111111, 1111111111111111111111111111 οι 1111111-
11, 111111. 18, 1. 1111111 1111 111111111111111 11111111 11 11111,
1,. Luna. 1. 1111111111 1111 1111 111 11111, sequatur 1111111111
1111111111111111111, 11. land. 1, 1.
111111 (11111, 1111111111, 111111,011.11.11111111 111111, 1111.
11111111. 11. 1111111111.
1111111111, -11, 1111111111 111111, 11111. 111111111.
1111111111, -1,Ῑ.111111111111, Ρε. 11, 1. f.
ν- 1111111 1-111. ·11), invectim, 11111111,1111111,1111111111
1111111111 111 1111111 (pro 1111111), 111111. 11, 1. 11 11 spy-
11111, 1111 111 11111111 vis, 1111. 1, 11. 11111 mn 1111111
11111 bu 11111111 1111, 111111. 11, 1. 111111111111.
11111111, summare, L. 1111111.
1111111111, mutium, 111111.
1111111111, quaerere, inquirere, 111111.
sauma, 1111111111, 11. 111. 11.
11111111 (11111111, Pron. 11.),-11,111. 111111111111.
111111111111111, adv. 1111111111111, w. 1, 11. Pm. 1.
’1Ιήυῶἧῦ mmmm·
1111111111, -1, f. 11111111, Cot. 111.
emineas, ·e‚ 1111111111, son.

 

