Vmufflnbffl 1111111. 111111. m

1111,-1,1.1111111111111,11111.1, 11. ,
1111(1111),-11,111111111111. 11. 1111111.

renuit, -11, 1. 111 1111111111, 11. M. 111. 11.
FARAN (111, 11111, 11111),111. 11 1111111111 1111111, flu. 11, 1. vo
11111,Ρ1.11,11.1111111111 11, 611. 11,11. 11 ιιι 11111 111 11·
ηιι,111111111111,11. rm 111. ιι nm, mn, 111. 11 1111 ἶ
111,11111,11111,111111.1.1 1111111111,111111,111.1,1 1111-
1111,11111,1’1.111,14111111141,1331Ι 1111111111, cm
111, 11. 11. mm.
111111 (1111, 111), 11111, Ρ1. 11, 1. ·. ι· Λ
betam (11111, 111), 1111111111, m 14,1.
1111111(111111,111),111111,11. 11111. 0111 11. 11111111 parm
claudere, 01111811817. Ι
*1111111(11111,111),111,111111111,Ν111.11,1101111. 1111. 117.
Ν111111111(1111111,111),11111111,θ11.11,11.Λ
1111111(11111,111),1111,1 1111101111. Sos 811111. 1·-·
1111111(11111,111),11111, 11111. 18,1. - (ψ ·'s‚¹ 111
11111111(11111,111),11111111,θωι11,18111. ᾸΛἹΛΛ,
1111111 (11111,111),111111111,111111. 111, 11. 11111,0111.1,11.
11111111 (111111, 111), 1111111111111 111,1111111,θιὼ.111,11. .
,1111111111 muctar, 111), 11111111,0111.1,1.
1111111111 (1111111, 111), ρι111111111,ρ11111111, 11. 111. 111,11“.
111, ιτ 111,1.1111111.111 1, 11.
111(111),-11,1.1111. 111111111111,1.11.1,41.·111ι1γωι
1ι,1.111).ι1.1111, cam 11 1. Q„ 117124ωὼ
gent, -11, 1, 1111, 11, 111, 11. 1111111111, 111
· 1111111111, -11,1. 11111111, 11111111, aa. 111111118, 17.
getirraedness, -1, s. 1111111, 111111,
1111111111, -u, ι. 111111111111111, 111111. 11, 1.
11111,·11,1. 1111111111, 1111, 1, 14,
11111111, -es, 1. 111111111111, 0111. 1,1.
1111111111, -11,1. 1111111,11111111, 111111.
111111, -11, n. 111111, 11. 1111. 11.
11111111,-11,1.111111111,11111. 11, 11. 111. 1111.
1111111,-11,1.11)“11111, 11. 11 1111.
1111111111-1111111111111111111 1111111111111 mine, Bm.
1111-11,11.111111,11111.1111.
1111111111. 111111, 111111, Bu. 1,11.
1111,-1, f. 1111, Gen. 11, 1. 1111111111,Ιιι1111,.111.1,1. ou.
11, 4. 11. longobard. m, M 11111. 11, 1. 11. m 111.
11111111, -1, t truncarunt, 111111.
κ111111 (111111), -11, 1. 111, 11111. 11,11. 1111, 011 111.
111,111(1 1111111111111111, 0111. 1, 1. 1111111 ,111111 gx
uflreld (11111111), -11, 1. 1111, 111111. 1,
11ῆ1111, -11, 1. 1111111111, 11111111,.111, 1, 11.
wferffireld, -11, u. 11111111111, 0111. 1, 1. m. 1111,
1111111, -11, a. 111111, 11111. 11,1.
1111111111, ses, 1. 111111111,111.1,1·
1111111111,-οι,1111111 1111111111. 1, 11.. Λ
stem-es, mammam-mmm ι ι( w<

 

altu

