010 Voces 1 1111111111.. sub. 1111111.

11111111111111, -11,11. 1111111111, 11111. 8888.

11111111, 11111111 (11111111), -11, 11. fratruelis, [118111 181111, (ὠ
100, tt. 114, 9. 188, 80. 181, 81.

1111 (1111, 1111 1111, 1111, syl), -11, 111 11 aratrum: 11111 tamt·
1111111111 111111 fimatur, Cot. 11. pe 111 bnt mamam
11111111 11111111111111, 111. 8,18. syna, ayt, Bouto. 11111,111.1,
08. 11.

11111111111 (1111111111), -11, Γ. 1111111111 eleemona, 1111. Μ
tn 1111111 111111 1111 1111111 1111111111, pauperibus 1111111011
nomine 1111111111, 11 at ,10111111 1111, 1111111111 111111111111111
11111111, lacer. 01111. 1111.108,1.111,1. 1.. 11111. m. 111.
0111111118.

111111111101, Cot. 11.), -1, Γ. 111111, Cot. 11.

1111111111, -11, 11. 111111 arbor, ltfr. 11. Sam. 11.

11111111111111, ·11, 11. t. 1. 11111111111, nmo.

suthgeveorc, -11, 1. 111111111 1111, 011111. 00, 10.

1111111111, -11, 11. 111 aratrum tenet, 011. 181.

1111111111, -11, f. 111111 1111111, 111111. Son. 11.

1111111111, -11,1.111111111111 11 11111111, Pharp- Anat

1111111111, -11, 1. 1111111111, Cot. 11.

1111111111, -e, 1111111111 1111111111 tenetur, Cot. 01.

11111111 (1111, 1111111111, 0111111. 11. 111. 111, 10.
1111111(111111),-1,1’. 1) 111111. 8) 11111Ι“111111ρο1111,11110Ι
11111111 111111 1111111111 111111,Ι 11111111 111111, Son-
1111111, -1, fi? aratrum (1) Sem. 1111111

111,11111111111 adjectivorum 1111111111 11111111, 1. 11. lugan, ti*
1111111 1111111, 1111111118. 1111111111. 1111. some.

111,11111.1111111,11111111, 11111. 491. 700. 8100. 1111 11011 1111 1111
111111, 1. 1, 7. 1111111111,1.11.0,10. uum 1111111111,111110
111111111111 111, buc. 10, 81. sume 111111101111111, 111111. 111·
11111 1111111111111 11111, 111. 11 1111111111, Gen. 08, 11. 111 -
111, 11111- attus, 1111 - atter, 111111. 10, 8. 11111. 10, 18. ce·
111. 111111111111111 1111, 11111111111111111,11111111 m: 011 10
87. 11111111,111111111 1111, 1111111111111111, 11111. 8888. 111111
uum, 11111 1111111111, 11111. 110. 1111111111 1111, 111111 verte 11110-
», 11111. 1011. 111111, 111111111111111111111, 11111. 10, 00. m·
ge, qutdam 111, 1111111 vestrum, 111. 0, 01. 11111 111, quaedem 100
1. 1. quaedam 11111111. 1111111111 cum 11111111. 1111111, 1111111011.
1. 11. 11 11111111 1111 ten gete 11 pam 1111111, erant 1111111111 tt·
cem 111111111111, 1111111 08, 1. 1111. 111111 1111111111111. ιιι

„f 1111111111, pron. etQ, 11111111,1111111,ΙῙῙ“11.”81.“”“·“···“’Λ

11111111, adv. 111111111111111111, 0111.

mmor (111111), ·11, 1. (dat. 111111111111111), aestas: 111111111111·
(11, 111111111111111111, Mau„ 81, 10. bis 11111111, 1111111111,
01111. 0111001. 11 sumere, aestate, 01111. 811. 1047. on nuum,
1111111, 111111.10,0.01,10. 11111111 111111 tumor, 111 eamme·
aestatem, 81111. 1811. 1000. 1111. 11111111 theod. 111111. 11. 11111

1111111111 (111, 11), verb. 111. 1111111110, aeetae 111111111ιῆ
111111.

11111111, adj. 11111111, 1111. 11. 80.

1111111111 (-1111),-11,1.1111111 11111111, 1111. 111111, 111111, Am

1111, 01111. 0111011.

 

