μ’·

101 roceo 0 61060100110110. 110 110100.

116, 9. Τ. 0100110001. 0001601. pero. 100 11006,01161010001,
11101. 1, 6. 611 1106601101660, 16016. 11, 6. 0016. 1011111111 16006. 110660,
0100001600. 111111, comparare„
genojan (-660, 6610100600, 60010. 0. 1..
110711οἱ, -0, Γ. voluptas, 06600110. 616 0611110060 11011000 610, 610101. 19,
1011011ος, -0,1’. voluptas, placatio, 60010. 0. 1. .
1100111160 (11011160), adj. 61000000110100001,60016.16, 1. oratus,
600101. 68,17. la.

1101]160000,-0,1’. beneplacitum, Poulrn. 89,17. L.
ΝΝ11001110,11000100 (-110,-106), dissimulare. 1611001100 61 110601, 666. 1,

66. Post. 61,1. nelle 1001610600010101111110011000110, 16001. 60101.
p. 166. 160061166οκ00.

0011001100, dissimulare, 6001.
11001006, -00, m. dissimulator, Som.
11001010, -00, m. 0101010100, 601100011016016. 6,16.
11001001 (11000111ος), -0, t’. 0101010110, 6000001011, 16016. 66, 66. 600. 16,
1. 666.6,19. .
11000060, 060. 1010116160, 600. 16, 19. c.

· 1166616 (10610,1061000, 01160, 160001 160011), 001100,106000. 1600060
111, Coeo. 616, 6. 10610 00 11110, 10011111 0600, 0006016616. 10611-
160 01610060160, 6060. 6666 (169,1176). 60016. 60101. p. 181. Meno-
101. 666. aoth. 1611111 (16116111), solerer 111006.10101160,1“011000.

10111000 (10110610, 001), 00600000, 60010000, 6060. 1896. 610 006 vyrd
600160, 10110610 ond 10110160, Andr. 611. 11061 1111 10661 10110101106100
and 1011016001, Andr. 1661. 101160 610 11611116 lygenum, 600601. 16, 66.

¹ , Ι,160, -00, 0. 1) 10600. 6) 0000101, 01001001, 6001. 6) 0001601001. 1) 60-

’ 0001, 010001. 00111061 1161160 godo, renotavit 600 60011001, 600601.
177, 61. 110 6110116 cyninges 160, 11610ορ00 offerent 60110, 600101. 66,
66. 01116011010001 0100001600, 61016. 6, 66. 6100160010 10661110, 0001
0100001600 ornarunt, 6060. 66. no 11101 1111160, ue 00010110 10 munus.
16006. 10106, 10600, carmen.

anlooo (101601), 00, n. 0011100100, 611010. 61.
10160, -00, 0. 010001, 600001, 6060. 6676. 6666. collectio, 00010-
000, 60016. 600. 0. 176.
160606, ,0,16010016000110, 60010. 0. 1.
160110, adj. 0000160060, 6110. 011101. 66.

-κ 100111 (1011101061), 106000, 1011000110060001 arripere. 6111010 00 ’100-
01160 101110 (001 161110, 0610001101) 016 1160 16610, Ι1111006001 0100
11000110 10011 000100 06100001, Caeam. 666, 66. 16006. 1010116ος fris.

1 161110. Verbum 100101 perferretque theodiscam 110660 10 00010001-

1· 11000 00060 1000101, quoe 00 priori 00010 porto notionem 0001111001,
0. ar. 00610010, 0000010100001 16006. 116111Μο ; 0100100110, 10011001 ,-
6610000, repetere, 001. quoe 00060 106 priori 000001 perterruere
debent.

f 00100600, 1010000 (1110, -111), capere, arripere. hig voldon 11100

10100610106 16 0101010 660, 606. 6,16. hig geloehton 610 11006,
Gen. 19,16. 16000. 9, 6.
1160110010, privare, Peolm. 61, 16. ’11
10060 (1000), -an, 01. 001 10611, 001 10 01100001010001. 0610110061
106 66611.

 

