110 100001010Ηί00οΜ. fomlam.

solone, 01].000010010, 0001000010,’11000.·
1010111001, -00, 0. 00100 populi, 00101. 101, 11. 117, 11.
1010111101 (001 00001), -0, f. 101100, 00100. 17, 11. 111, 10.
1010110010, adi. 001010 00101010, populum, 000100. 100, 1.
10101111, -00, 01001 00011110, 1010. ·
·· ·- 1010110100, -10, s. 100,01010100,001. 111.
10101111,-00,01.]00 publicum, 1101001701. ( '1
00. . 1010000010 (- 00001),-0, f. 00110, 00100 110,11. 111, 17. . ¹.
0,,,110000001010001 -00, 0. 001000011100. 0100.10100010,1.’01. 00.101,1.
101001110,-00,01.0011110,11.11.,’ξ]]006·.ἶ,ί sta 7²⁴⁴
.. 101001010 (- 01010) -00,00. (0100·01010) 011,00011100 0100010
000011, 110101. 110, Θ. 10000 0000111, (10101. 110, 11. Λμ sss,
10100100, -0, s. 10000 00111000, 1101. 1, 1.
1010000111, -00, nu? populi 100οι0, 000100. 111, 1.
10101010 (-101),-0,)’. 0000010010, 11001οι. 101, 11.

“ · 1001030000.1000100011, 00100.118,0.170,ι1, ‚²7
1010110110, -01, 01. populi 000100, Pe. ⁷, 8. L.
1010000,-00,00.0100011100, 000100. 111,17. W VM

Ι

10100000, 010. populosus, 110000. ¹
1010001000, -a, m. 0100. 1001. 10001000, 00100. 11,11.110,11.
1010100, adj· rusticus, 110011. 11, 0. ·
10100, -00, 0. 000000, caterva. 100. 101111, 0.
0110100010000010010, 11010. 1717.
1110100, -00, 0. 0000100010 adjacent, 1111. 1,11.
0010100, -00, 0. 100010,.101.10. 00101000, copiae, Pa‘ee. 11,1
*- 10110, -01,1. 10000, Coedm. 10, 1. 177, 17. ’101100 (101, 7). ¹
1011010, -00, 0. spelunca, sepulcrm, 001. 11000. 41, 10.
m? ῃ... 10111011, -00, 0. 0010, 100100 1000001010, 00010000, 110010.
“’ 1011111011, 0000100010, 11010110.
10110111, -00, 0. sepulcrum, 1011000. 01, 17.
¹ 101111110110,0001. 1000000100 ene, 10111000. 110, 1. ·
’,41011000 -00, m. 010 1000001010, 0010011011. ··
1011001111 (-00111),-00,000.1000 01000001011000, 001 1100001011.
10110,-0,1. palma, manue, 11010 011. 60100.1,11.107,11.
101110, 0101. 001010,010000, 110000.)
1 1111111111,111101.111Ν, FEOLAN (10011, 11111101, 101101), 1110 G tranet,
(00 passim quoque ejicitur. 01100000000000001000,·0·01100,000001000,00
001000. 0001001000 100111 110100111000,”ῙοῙῐ11 ’1000000101 10011100,
1,, 1101001101. 0101001010 1001101001100110101, em quo 000010110010
0,) 10100 (10 0010) 101011, 1101101101. 0011))100101001110110 000101, 00
Ι111 11101 1110101001, 0100000 portae 0000000000, 10000 10110 0000·
10000 (11, 11110 1000110101). 0011 11110011οω1), 00150000.
’ 01011101 (11100111, 001), 00000100οἾ1011000001001000 1011110 10111110
0010000010011010 10· 10 1111 1010 00011011100111, 1001100111101, 00000-
( 00 'eum privare 0000001010 00000 01 000 libenter 0010 00000001, ottae

.' , destructore, 000. 1000. 0001101000 011 0000101, 001000

k preces continuare, 1111. 1, 1. 10 1110 0001111100 1110 1001111000 11-
1011, 11000. Anat. (01.1.) 100, 11.

1101111101 (1010011, 001), compellere, 0010011 0011011 100 1110 1101011 (1

· 1010011),110 0001100000 0100000010, 1100. 11, 10. 1000001, 1001-

edere, 1010100, 1001010001, 1111.1,1’1.0000111000,1001000. 0101010

0 JJM‘VWJ 939ίῆ fisffffi 1.

 

 

