11111111111111111111111. 111. md. 1111. mad.

1111111111111111111, 1. 1111. 11 11111111 11. nm
11111 1111111 pamm, 11111 omma 1111 11 1111111111
11111111 praebere 1111111111111, 1.. 11111. 7,1. 1.. 111
11. 11.
111111111111, adj. 11111111, 111. 1, 1.
1111111111, -11,11. 111111, 111111, 1. 11. w.
gestamme, -11, 111111111111, 1111, 11.
,Ν111111(111-1111111111, 1111 111 11 1111111 1111 1111111, 111
sepulcrum 1111 111111111111,Ν111. 11, 11. μ con 1111111111
niujan, Coedm. 111117.
1111111311, 1111111111, Sum.
111111111111111, som.
111115111111111, (1111111, 11.
11111311, ascendere, 111111.
11111111, 11111, 011. 11111. 11,1.

1111, -1, Γ. 1111111, 1111111.- burh 111 11111 111 11111, 1111111111
lium 11 1111111111, 1111111. 611117. seruatum, 11111111
11111 1111, 011. 111. 11111111,11. 1111. 111111. n.

111111, -1,1.1111111, 111. 77,11.

111111 (-11, 1111111111, Gen. 11,1. 11111. 11, w. 11 11111 bow,
111111 11111111, 1111.1,1·1. immittere, objicere: «11 1111 111 nied.
immittit falcem, Marc. 1, 11. 11 11111 1111111111 11 111 111 1111
111 sende, 1111 saepe 11 1111111111111 ubjecit, 11111. 1, a

1111111, emittere, 111111.
1111111111 (111111111111), 1111111111, Bono.
furseum, 11111111, 111111.
1111111111, praemittere, 11. 0111. 111.
11111111, 11111111111.
11111111111,1111111111111, 111111, 111111.
1111111111,1111111111111,111111.111111. · ¹ ³, A
-ψ-11·111111,11111111,11111111111111.1,1. ’ · s· [xlfls
1111111111, mittere ίξΐεω. 11. tf l> (5)
111111111111111111, 111. 11. ·
1111111111, 1811111111, 1111. 111. 111.
1111111111, 11111111, 011. 18.
1111111111, admittere, 11111. 28. >
11111111,111111111, Som.
1111111111 (1111111111, s. 1111111, 1111111, 011. 111.
1111111111111,-1,1.1111111, 111. 77, 11. 1.
1111, adj. 1111111, 111. 1,1.
*unauna (111111), 111. 1111111, 1111111111.
1111111111, 00, f. 1111111111, 11111. 111. 111, 11.
‚agennum adj. 1111111, 11111, 1111111111, 11111, 1111 1111111111
1111, Ilsr. 11. 11, 11.
11111111, 11].11111111111, 1111111111 111111, 111111.
3111111111, 111. prosperus, Pe. 17,’1’1. “
1111111111 (111, 11), 11111 1111, prosperare, 111111.
111111111111,1111111111, Pu. 1,1. 11, 7.
1111111111, 111. prospere, 111111.
1111111111111. prosperus, 11111111.
. ’ ’1111111111111-111. prospere, 11. 11, 1.

 

