Voces 11 sibilante 1110191011ιο. 1011. 011. 10111. 001111 01111. six. 1118

1101111119 (10111119), -0, Ι. 1110111100, perfidio, 11011118. 10101101, 10-

1111011110. 15, 7. 11. 11110. 88, 18. 11. 801. 1011111119.
18111118 (sav, 1011, 01111111 001 1111111118), 111011 (rel 1010118), 111010.
...11191111 neovjan (180111), 11111111 1001. 888), 1-010, -011, 08 -110, ·01),
were, 11110110, 11000. 8116. 111111, 11111108, 81. 0011101101 1001011,
rete 8010111111 001111011111101. 64. 11101011, 0011. 8, 7. part. praet.
110110. 9011101, 9011110, 901111νο1, Sora. geuieved, 01111118. 9011.
niujan.
1111111111, part. 11011 01111111, 1011. 19, 88.
1101111111 (-0110, -01), 1111190101 1101111011 101019010010, 001. 148.

1011, -es, 11111100111110, crumena, 8001111111 19100011 00111100, 901010
0111010101, huc. 18, 88. 88, 86. 0911111911 10111, thecuam 1091111, 008.
116. 1110011. 01111, 111. natura,- 1011111111, 111. 0111010110.

10110111, -0, Γ. 0091111110, 001. 8118.

101111(101111, 1110. 11, 16. 11., 10111, 1101111), -01, 111. 1) 11181110, 110101
90010111 01110 111 10111111 111111 1911011, 11101011111100100110110. 8)
0000111110, 11110. 111, 4. 0. 88, 81. 0. 11. 8)0111·08111191101011811110,011111,
Luc. 11, 41. A'lfr. 91. 11, 88. 1111119118 10111 011111, 00101110, 018 0119911
refermus 0011 00111, 01181110, 1101111 1811181 08111111080011110101.
Quum 0810111 00101110 018 10108101010108111, 001111, 011111, ab 001111,
01111110, separare 1101111. 110011. 0011111, 01.

0101101111,-01,111. sarcina, 011111, 11110. 18, 88. 0. 18.
101111119111011, -110, Γ. armamentaria, 180010.
1011111011, -01, 11. 0911111 sarcinantes, 1811198 110111. 18. 18. 88.
1011001801, -00, 01. 091199100001010011001, 1810. 91. 18001. 811.
· 1011111010, -01, 111. sartor, 111101, 0018. 11011008.

10111010, -01, m. 0911110 ο1101011110,1111110,9’110101111101, 11. 11. 001. 88,
167. 810011. 1011111011.

1010101110, -111, s. 0011180, 80111.

’ 00111111,19“·10111(-10,-01), onerare: ge 110111 111011, 000 0001011110-
011001, 11110. 11, 41. 111100011011111, 0011. 11, 17. 01011111, 11110.
11, 46. 0. 11.
0101111111, opprimere, 11. 18011. 88,11. 1801118. 18.
1 (1001, 0111800688. 011. 8011. 8,1.11.), 1111111. card· 1001 11101-
911, Mod· 16, 86. 11101 111 1091110, 111011.17,1. 111 1111110111, 000-
00181, 110011. 18, 87. 111111111101111, 1000001811 1111110,181101. 1, 46.

1110090011. 1000901101,11. 1111.

1111011111, 011). 00019100, 00010.

011119100190111000119118110, 18. 118.

11111101011110, -01, 111. 10110 10000110011, 8. 0. 110 11101111 11901011 01110
010110 juxta 00111111 11191010001011, 0001101 10111008, 9110111ωο091-
181 0011800110 (0010) 0101100001101110110811011101. Sd 10810 00010110
[110111 injuste, 900101110100 10180 1000011111 0011011 0080911180 80-
111110 0110 pro 1111111101,1.0. 1101181111 0018108 compensarem, 1.. 111.
78. 1810010101181011 1111111111οη, 9111 08111 01811111 11091111 11011110-
na, 11111111 1111110100, 011110111111, 09111101, 1108101111, ’1001 11011.
88.

11110110111, 1.. 81181. 1.),111.,-0,)’. 11. 1008111, 0,11111, Ger. 811, 11.
11081. 81), 81.

1111100 (11110, 11110), 1111111. 0018.10110101,18111. 8, 6. 1, 18.

11080111,1111111. 0118001111ιο 1001111. 11081. 8, 81. 11111.

 

