188 Voses 1 1111111111· 1111111111. hsl. 11111. hol. 11111111.

beheljan, condere, Ges. ⁷, 18. Boea. 1, 8.
1111111111, tueri, 111111. 8, 88. 11111. 8, 8.
. 11111111·111,11111111,111.-18,1. ,
' 1111, -1, 1111111111, 11111111. ssu 1111 syr 111 luere 11111, 18111118.
sepulcrum, Pe. 48, 8. 11111. 111111111111111111111) 11111. 1111111.
1111111111,-11, 1111111111111111, 1111111111, 11111. 88, 18.
1111111111, -un, m. 1111111111 111111, Ps. 48, 11. 11.
1111161111, -es, 11. diabolus, 011. 148.
,, 1111111111 (111111), -es, 1. 1111111111111, 01111111. 84, 80.
11111111, -es, 1. 11111 1111111111, 111111. 18, 8.
1111111111, sss, 1111111111111111111, 11111. 18, 18.
s hellgepvln, -es, 111 turturi poena, Caedes. 18, 88.
1111111111, 111. Pluto, 1111111. 88, 8.
1111111111, -1, Γ. tartarus, 011111. 808, 88.
1111111111, -es, 11. 11111111111111, Cerberus, 111111. 88, 8.
senens 1111111),111.1111111, 11. 11, 111111. ss.
1111111111 (11111111), -sn, m. 1111111111 clausura, 1111. 8, 18.
Ι 1111111111 1111111111), -ss, 111. 11111111111111, 81111, 11. 81.
” “ 2811111111 (1111111111), -e, s. 1111111111, 1111111111, R. 118.
1111111111, -s, s. pythonissa, 11. 118.
Ὰ111111111111 1111111111),-111,11. 1111111 11111111, diabolus, 0111111.
48, 88. · ”
1111111110, -es, 111. Vulcanus, 011. 1118.
heltregs, -1111, 11. 1111111 poena, 0111111. 8, 18.
1111111111,-11,11.111111. 1111. 11111111 11111111, 81111. 88, 8.
11111111, -1,[. 1111111 1111111111, Cacum. 881, 18. 808, 18.
1111111111, -ss, 1. 11111111111111111,111111. ,,
—-- 1111111111. -11,11. 1111111 poena, 11111, 1, 7. 111 ‘m'
1111111,-11,111. 1111. operculum, 1111111. ’
1111111111 1111111111,11111111),·11, m. crusta, Cot. 181.
1111, adj-cauus, Cot. 88.
111 , -11, n. 111111. 111111, 1111111,1111111,111111. 8. 1111111111, sm
11111, Mate. 8, 18. 11.
11111111 (uude, 1111), excavare, Som.
1111111111, excavare. fodere, 1111111. 8, 18.
111111111111, suffodere.
11111111111111111111, 111.
11111111, -1,1.[11111, cavum.
undsrhulung, -e, f. suffossio, Ps. 18, 17. L.
1111111111, 111111),-11,11.1111111, anfractus, Cot. 18.
111111(1111111),-11, m. 111111,11111111111, 811. 18.
11111, -11, 1111111111, 1111. qr. 8.
11111111, -11, u. 1118111, 1111111. 88.
111111, -111,1. liburna, 01111111. 11. 111, 488.
1111111 (111111), -sn‚f. 1111111, uel:
1111111, -11,[. crusta, 111111. 1111111111111111.
11111,-11,1. 1111111, estis, 1111, 1111111,Μ111.81,88. bor. 11111111
1111111111 (111,-1111111111111, 0111. 4, 8.
1111111, -11, m. 111111 ultum, 0111111.0,1. 8, 81. 188, 80. 11111111, ceros
8111. 808.

uos-ssu, -11,11. 11111, Cusum. 81, 80.

 

