Voces 1 1111111111. , fictu. fir. 111111. (suom lym.) 111. 1111811

111111111111,11111111111, Ρ1. 111, l.

111111(1,1111],-1,1. calc, 01111116, 17. Col. 38111111111111. 1111111.
111111. 11111. 1111111.

first (ryrsl), -es, 11., culmen, laquear, llsr. 11. 16. 1111111, cole 118.

11111, -11, 1111111111, culmeu, Sum. '

1111111111, -11, 1. laquear, 18111. ·

111111 (1111111111 111111),-1,1.111111, 01111. 8117711111. 11, 11.
16. lona, 0111111111. 1111111111,11111.1,17. 8111111111111
111. 1111111.

1111111111,-11,1. jus 111 praello, 11111111. μ. lo. Manu.

111111]11,1111111111 (·lle, -11),1111111111111111111, Ι.. 01111111. 67.
purificare, 1111, 17. Exul. 11, 37.

1111111111, emundare, Luc. 11, 11. Malu. 11, 11.

geseormjun, 1111111 praebere, ccccl, 111111. 1181. emundare.
11111111 (1111111111), -11,11. 1111111111, 1111. 11111. 1, 177.
1111111111, -1, f. epulae, 11. ,1111111 1.

1111111111, -1,1”.111111111, Sclul. 1.
1111111111, -1, f. 11111.

11111111111,·1,’1. dedecus, 111111.

11111111, cdv. indecenter, lud. 11,11. 111111. 1181. (lud. 111. 11111).

1111111,-1,1. 11111111, 1.. 111. lc. 1111111, Marc. ’1,1.

11111, ι11,11.111.’11111111, porcellus, 111111. 13.

1111111111,-11, 11. 1111111111, 11. 76.

111111,-11, 1111111, 111111. 16.

1111111111, -11, 11. 1111111111, 11.“ 81.
1111111111, adj. 1111 filice, 111111. 86.

11111,-11,11. laurus, 111111. 11, 1. 1111. 1,· 1.

11111, adj. coloratus, 11111111. 1111111111 111111,1111111 1111111111
11111111 (1111111111) (111, 61111. 11111. 11111111161111111111111111.

111111 (11111111), -1, f. color, Bocw.

111, -11, 11. periculum, 111111, lucillae, 011. 11111. 111, 11. tyreu 111
micel, Goedm. 11, 1. 1111111111111111111 1111111 cunt, 0111111111,
16. 1111111. 11111, s. 111. 111, 11.

1111111111, 1111111111111 clrcumluluc, 1111111113.
11111111 (11111111), -11, 111. 1111111 1111111, Col. 111111. 181, 11.
11111111, -es, 111. 111111 11111111, 01111111 191, 7.
11111111,-1,[. 1111111111 1111111111, Bucco.

1111111111,-11, 11. 11111 1111111111, cunc. 1111111111. 111.
11111111, -11, 11. 1111111111 1111111111, 1111111. 1, 31.

11111111, -ec, 111. mors repentina, 111111. ·

11111111, -1, f. 11111 1111111111, 1111111111, Col. 111.

χ1111111111, -11,11. 1111111111 1111111111, Q 11111. 1161.

κ111151111, -11, 11. 11111111111111111, Belo. 111.

11111111, -11, 11. sepes periculorum, 011. 111111. 131, 17. ‚
κ,11111111, adj. 1111111, 61111119. Couc. l'lllllord. 1,1.
11111111, adj. 11111111, dolosus.
ungelaerllc, adj. 1111111111111, 11111. 1, 16.
κ1111111, clv. 111111, luc. 1, 31.
11111111, -11, 11111111 1111111111, Belo. 111.
buccula, -111, 11. 11111 dolosus, 1111111111.
11111111, -11, 1111111111 1111111111, 1111. 1111. 11111111.

11111111, -1111, 11. cualliae, 0111. Ecum 111111 ,
· ·. .· 111.

 

