, 0 000. iic. 0110. 0111000111. 0110. sur. 0110000010. clip. 0010. 711

010 1100 0100 01100, 11000. 01, ie. iieoi. 0111100 (01011, 001), repere,-
100. 011110, 0011000 0101110, lambere.
01100, -00, 00. 00011000, 11000. 10.
000110100 (-000, -00), 0100010000, 110000.
0111000100, -eu, 0. 0000000000, Coi. 01. 100.
,1000 (000, 01100,.0000),0000000000... cr. nni 00000 et 9011..
0110100.
’(0011000 (00100, cei), 1010,0110000.·00100,001001100000, 1101100100.
0011000 1000, 00100. 11, 00, 78.
Αο011000 (010100, cei), 0100001100 111 1001100, Diui. 00, 00.
0000110000 (0000100), iiiiii, 110000.
01100, 0000110000εο 0000000001 10100100 100101100, 110. 00, ii,

10 000000 001 0100 0101100, 0010001 pedii 00000 0 10000, 100100.
110, 8.

011000 (vei tilieti), -00, ni 00101000, 00010000, i. 0. cylindrus
1000000, (0100001000 000000001ιο ai 00000 10000000οη, 11. 100.
lifr. 01. Son. 78.
011000 (0110000), -00, 0011001000, 0. 0. 0000000 000100 00 0101001000-
rin 0000000000 culminibus 00001 imvm 0000000, 11. 01. iniri-
01000, 110010.
0110001100 (ιο00, -001), 000000, Paci 18,0.
01000 (aiii, 0000, nmen), 000000, som.
00011100 (000101, 001.) 1,)001000, coi. 171.
h (0. 0. 0111000), -00, a? 001 110000, 100000, 000. 110. 0110001010 oon
11 01100001ωοοα in 11000, 110.18,1. 100. 01110, n. plima, 01001-
100 01000. 01110, 00. limus, 1100000 0111010, 010000.
dinis, aij. 11000000, som.
111010 (0100, 011000, 011000),1000,000000,· solvi, 100000, Son. 10000.
00οι (alen, cei), 0000, oerym. cf. 0000000.
10011000 (0010100000), 01000100, 1100100.
01100 (0110), -00, 00. lapsui, Ly«.
01000110, -00, 00. 0100, 000000 sacerdotatis, 1.. 11000000. 00.
011000, adj. lubricus, 0000.
011000, 001. 10101000, sciui. 78.
0110000, -00,1.1100000000, 1000001000, 110. 00, 7.
supper, -00, ii? crepida, 8000. 'mi
1017011 (0101, 011000, 011100), wc, Qe, discerpere: 00 λῖ-
000) 100 hunger 000 huniscum 00, 1. vileir 011001, 00000 0000010
(110, 11). 10 001100 10000 nispe-ine 0100, 0111000000000, 100 10010-
000, 1100101070 0101110 10000000, timii proprian 0001000, 11000. 10,
00. 10 01010100, 1010000001 peiren, Pi. 77,10. 10 0100 00, inm-pie
00000, 110. 70, 11. 00 000100οᾥἱ 01011100 10000 000, 11000. 1,Ι. 00000.
011001 (01010,001.).
0011000 (00101, 000.,) 110000000002101 yffi! Emanium 110 0011101,
Pe. 70, 8. 001010010οη 00110, 0100100010 φρ100,1000,11.
100011100 (1000100, 0001010000, 10000000, Son.
00011000 (100100, cei), discindere, dilacerare, 11000. 0, 0. 7, 11. 11010.
nahum
01100, -00, 10001000010010000, 11000. 18.
0111000, -00, 00. 10000, 000110.

 

