1111111.11111111111111111.11111111. nummatum

11111111, 111111, 11111 Pvlm.
111111, 1111111111, 1111111, 1111 11111111.

111 (= 1111 luni).

1111, viae 111111.

111113 1111 111111).

1. 111, oue 111111.

Ρ11 (= 9111111111).

bviam (1111, 111111, 1111111), decrescere, 111111, Hm. 1,1,11.

11111111 (de, -ed)‚ 11111111, 11111111, 11111. 1, 8. BR. 81111111.

111111, ·11, 11. 11111111, 1111111111, Son. 11. eum prun, 11 pm
ε111111111.

11111, -11,11 decrescentia.

1111111111. 1111111111, 1111111, 11.

1111111111, 1111111111), 1111), 1111111111 or 1111 1111111
1111111111111.11111111111111111111111 1111111, m Sa 11111.
11111111111111,11111111111111,)111]11111111 cm norm, 11111111
senectus 111111111111, 11).

1111111 (111111, 111), {rutrum 11 11111 1111, nunqua 1111 [11111-
111 111, Ρ1.111,11.

11111111111111, 111), 1111111111, 1111111111, nem.

11111 ananiam incipientes.
Su (= ymb. sn).

111111, -11, 1. 1111111111 1111111111, 11 1111111011. 111.

saban, ·11, 11. 1111. propr. (11, 11). mu. 11111 (= 1111111).

1110111 (111, 11111, sacen), 1111111111, certare.- 11111 11111111 11111, 11·
11111 certare, Emod. 1, 11. tacende, 1111111, Sem. 11. snb 11111
11111, pro 11111111111, 111111. 871. 1111. 11111.

1111111 (11111, 111,), 111111. 1111111. 111 1111111111 1111111, rem·
rectionem 111111, Luc. 111, 17. 1111 1111111. 1111111111 11 11-
1111111111. 11, 71. 1111111111 111 11111 he 1111111 1111111111,
1111111, 71.

11111111, 1111111(111111,111.), cum 111. 11111. neme, 11111111,
11111111 11, 111111. 11, 1. 11111111 1111111 111 1111111 1111111,1111
1)·11 potentiam 1111111111, 01111. 111, 1. 11111 1111 1111 11111
1111111, 11 111 111111, 1111111111 1111, 01111. 111,11.

11111111(111111,111), necare, 1111111111. 11111 111. gd 1111 nm
1111111111 1111 cyninges 1111111, 11111 111 nu 11 1111111, 1111.
Andes. 11, 8.

1111111111 (1111111,111.),1111111111, 11111. 1, 11. 0.

‘ennean (11111, 111), amere, 111111111,11111111,· 1111 111. nege·
11111 (111Κ11111111111111 111111 vult) 11111 1111111111111111 ¹
111111111111111111 grundbssendr· geme 11111, 111 1111 1111111
1111111111 1111 1111111 aster 111111, 11111. 11111.

1111111 (11111, 111111111111, L. 11. 78.

1111111111111, 111,), 11111111, repudiare, 111111, effusam.- git 11
ponne 1111111 (1. 1111111), 111. hund. 8,1.

11111111 (1111111, 1111111111, 11111111, 1111111111,11111111,1111·

 

