1111111111111111111111111. 11111111. 181

sciuerunt, -11,11. 111 1111111111, anw. ajam) M 25⁸0
1

1111111111, -ss, 111. 1111111111, 1111111111, 1. 111.
1111111, -11, n. 11111111, 11. 11.
41111111, -nn, m. 1111111, 01111. San. 998.
sciurorum, -e, Γ. 111111 11111111, 1.. cnut. 111. 10.
11111111, -1, Γ. 1111111111 11111111, chron. 8111. 9911. 1009.
11111111111,-1,Γ. 1111111111111111, 01111. Sam. 9911111.
1111111111, -11, 1. 11111 Γ111111, 0111. 1, 11.
1111111111, -1, Γ. iter 11111111, 1111, 10.
1111111111, -1, Γ. nands apparatus, 1111111111, Β. 101.Ᾰ1Γ1.11.81111.77.
1111111111, -11, 11. nanis portisculus, 1111 qut 11111111 111111111111-
11111, 11. 11. 1111. 11. son. 11.
-111111111, -11, 111. 11111111111111, 011111. Sam. 971. 1001.
sumundum, -1, r. 11111 scamus. ’11. 1111. 11.
,1111111115 -1, Γ. naum nnus, 11111 11111111, 0111.1,1. 0111111111.
881 871. ““
11111111111, -11, 111. 11111 1111111111, life. 11. Sum. 77.
11111111, -1, Γ. 1111 nauale, 1111. 9, 11.
1111111111 (111111), -11, 111. 11111111, 011. 101.
1111111, adj. 11111111, Cot. 101.
1111111111, -11, 111. 11111111, Bono.
1111110,-11,11. 1111111111 11111111, Basso.
1111111111, -11, 111. 1111111111, 1111111111, 1111. 1, 1.
1111111111, -11, 11111111, Ᾰ1Γ1. 11. snm. 78.
1111111111, -11, 1111111111, L. 1111. 11.
tsculptus, -11, 11. funis, (1111. l, 1.
1111111111, -11, n. 111111, 111111.
1111111111, -11,11.11111111111, 111111.
1111111111, -11, 11. seminaturus sedes, Ᾰ1Γ1. 11. Sum. 77.
11111111111,-11, m. puppis, 111111.
1111111111, -11, 111111111111111111111, 111119, 1. 111111. 11, 9.
salussam, -111, 1111111, 1111111111111. 11.
11111111, -11, musonium, 11. 101.
1111111111, -11,1. 1111111111 11111111, Cot. 118.
11111111, -sn, Γ. 111111 forms, 11111 1, 1.
1111111111, -11, 11. 111111Γ111111111, 11. 1.- -
11111111, -11, n. 11111, 111111.
1111111111, -11, 11. 1111111, 11111111, 11. 11, 8111111. Sum. 71, 77.
1111111 1-111, -111, 1111111111111111,1111111111,01111. 811. 1011.
311111111, nauem conscendere, 111 1111111111111, 0111118111. 891.
1111111, -11, 11. 11111111. neum, 011111. Sus. 1011.
11 (1111111111), -11,11. commissura, assumentum: 11 11111111,111111
1111111111, lane. 1,11. 11111. 1,11. 111111 1111 11111 1111, 11111111·
11111 1111111111 , 11111. 1, 11. 11111111 8011111 (1111, 111.), cl. 111. ,
1111111, 1111111. ’
1111, -1,Γ. 1111111, Sum. 111. 111111. 111111. 11111111.
1111111-11,-1111),111111111, 1.. cnut. 111. 71. 11111111,1111111, 11.
Gens. 1111111. 11111111. 11111. 1111111111. 1111111111. 111. 1111111.
11 (ε- 11111), 1111 10111111.
mu, 11111111 (ε1111111,11111111),1111 sunm.
11, sun, 1111 11111111.

 

