l'ocee a sibilante incipientes. 111.Ι 1111. 11111. 1111111. sill. 811

11111 (111111), -11, 11. latibulum, Sum.
111111 (sex, Joe. 1, 9.), -11, 11. (saxum) culter, 11. 11111. 11. 1111111111, 111-
mer, 11111. 9, 9. 1, 19. Pe. 11 , 9. 111111. 11111, 11. es. suge, 11111, 111.
suumn, -11111,111. Saxones, Onron. San. 119. Sngreqoud, 811111·
11111111111111, ula. 9, 7. 8111111,1111111. 119.
seme, -11, 1181111111, 1111111.
81111111, -11, 11. saxonia, Cluen. 8111. 1108.

Sl} (² 11111111.
11111111, Luc. 9, 9. 11. 1111111111.
nidi, 111111 111111.
11111111,-11,111. Aethiope, Pe. 87, 91. Τ.
1113111111 (1111111111),11111111111111, Sum.
111111, 1111111111.
ne'egel (1111), -11, 111. n. uelum: lugon 111 1111 11111111 aegei, 1111111. Suu. 111.
181199. 1111111111 11191111, 01111. 11, 9. 1111111 1111111, 01111111.181,10.
1111111111, 11. 1111111111. 1111111111. 11111. 1111111.
1111111111, -11, 111. 1111111111, 11. 81, 191.
1111111111, -1,1”. vell 11111111, 1111. 11. Som- 79. Mene A. 111.
11111111, -1,1. 1111 uelorum, 111111. 9818.
11111111,-1,Γ. 1111111111, (1111111. 189, 29.
1111111111,11111111(;1,1,-11·-111λ-1)11111111111.· 11 111111 1111111111 11
1111111,01ο1.1,1.111111111111,01111111.8111877.
κ...111111111111,111111111111111 milite 11111111110111. 1, 1.
11111111111111, 1111111111 superare, 1111111. 9,1.
1111111111, -1,[.1111111·11111, 1111111. Apoll. 11111111111111,11111111111-· “
111111, neque velificatione, neque 1111111111111, 11111, 1. -
11111, 1111111111, uide 111111.
sigen, -11, m. 1111111111,11111·11111111 1111 1111111111, 01111111. 188, 99. 11111111
11111111, 01111111. 111, 7. 1111 1111 11111 vesun, 01111111. 119,19. 11 git 111
11111 111110111111111111111111111111111 ofer 11111111, 01111.91. 11111111 111111-
1111111111111 11111111, Belo. 9198. 1111111111111111111 1111111 11111
1111111111,111111.11111. 111111. sigan. 11191111. sein.
1111111111, -1111,111. 11111111, 11. 17.
1111111111, -11, m. 111 vexillorum, 01111111. 188, 99.
Λῦμιῇιη, 11111111 1-1111, -111, 111111111111, 0111111181, 11. 11111111-
111111111111111, Rea. 1,1. nam 1111111111 1111111, Rea. 1, 8.
1111111111, 1111111111, 111111111111, 1111111.
1111111111,-1,Γ. 111111111111,1111.111.111, 98.
1111, adu. raro, 1111111111, 0111. 9, 1. 1111. 11. 98. 1111111. 99, 9. comp.
1111111,11111111.1111111.
11111111 (1111111),11111.1111111,111119111,11111111.11,1.1181111301·
111ωαὶ111. 19.
*1111111111 1111111111, 01191. 18, 1. 97, 1.

1111111(111111,111111), adj. 1111111,111111111111, stupendus: 11 11111 111111

ling, 111 ea 1111111111 111, 11111111. 11111111. 199. 111111 11 1111111111,
1111111111 lienum, 1,. 1111. cun. 1.

11111111101111),11111111111111111, 13111111. Suu. 1197.
,11111111 (111 , eoldum), 1111. raro: 111111111111, 0111111. 18,1. 11111111·
dun 1111 11111 111111 1111111 lui 111111, Bel. 1, 1. 11111111. 11111111, 1111111.
1111, ultan, 11111111, 1111111111, 11111111, 11111111,111111 1111.

 

