1.· -

181 1111111111111111111111111 11111 vl s

, ,costum (malumne, {aasz Μ’
,ψ ,, 88, 8. 11111111 (1111111181. plur.) 11111111 11111171111111111.
11111111 111111,111ν11111 splendet, 1111111. 111111. 11181.

11111111111, -11,1.8 1111118111, Sum.

1111111111, -11, 1111111111111111, 11111. 1171.

11111181, -11,1. 111111111111, 11111. 8817.

1111111111, 111.1111111111,111111111, 8111. q

111111111811,111. 11111, mirabiliter, 8111.

11111111111 (11111, 1111) 1111111111, 1111111111, 8.

1111111111111 (dulus, -loeht) 1111111111, 8111111881. lect.

1111111111, 11111111, 1111111111, 111111. 81, 18. 1111118, 11.

111111.111111.1.188. Oros. 8, 1.
1111111181111. admirabilis, Psolm. 11, 1.

’Ἂ1111111111 11111111, mirum 11 modum, 811. 88, 8. 11111. 11, 7.
11111111111, -11, 11. cimelium 1111111111, Beue. 1811.
1111111111,-1,1. aspectus 1111181111, 11111. 1881.

1111111111, -11, 11. qui miraculo 11111, 1111111111 rerum 1111-

111, Reor. 8888.

11111111111, adj. 1111111111 1111111111, 11111 1111111111.
μκ1111ῄ11 1-111, -11) murore, obstupescere. 11111111111111111,
’ 1111111. 18, 1. 11111 ge 1111111111, 111. 7, 81. 1111111.(11111111-

1111) 11111111 1111111 1111 pus 11111111, 111118. 88, 8. 111111-
11 pst 1111 11111811,1111111. 8, 88. - 111111 11111111 11111111, 111111.
88, 8.

1111111511 1-111, -81) obstupescere, 811. 81, 8.

11111111, -1, Γ. 11111111, stupor, 111111. 8, 18.

111111, 1111111111, 1111111111, 1111111111,111111111111, 1111111111, uos

VINDAN.

1111, 11111111. 11111111, 1111111111, 1111 8111118.

1111, 11111, 1111 1111111111.

., 11111111811111,111111,111111) 1)1111,11811111. 11 111111 111111,
81111. 88, 88. 1111 und 1111111, 01111. 81, 7. 11 hy 111 1111111111
1111111 1111111, Rea. 811. 887, 88. 111118. 11, 1. 8) laborare, 111111.
1111111 1111 on 11111 11111 pisse 1111111, 111118. 1. puro ylosn befic-
11111 1111 11118111111111 111, 111111 morou 1111111111 111111111111111-
ravit, 1181811. 888,18. 8)1111111, 1111111111 contro. 1111 1111111
1111111 vinoso, 011111. 188, 11. 111 god 111111, 011111. 818, 18. peu
1111 111111181111111. 81, 7. 11 vanu 111 111111111111111, Goon·
88, 8. 1) obtinere. 11111111111111111, 8111111881. 1118111111-
11111 1111111111111111, 011111. 88, 11.

1111111 (11111, 111.) laborare, 811. 811.
11111111,11111111 (111111,111.)1111111111,0111. 8, 7. 011111. 11111.

11111111 (gerson, 111.) laborare, 1111111111, obtinere, 811111. 81, 1.
18, 81.

,, . --κη . 1111111111 (11111111, 111.) superare, 11111. 88, 18.

1111111111 (1111111, 111.) 1111111111, Ρ11111. 81, 1. 8. 118, 8.

111111111111 (ongean 1111, 111.) 1111111111, resistere, 111111. 1111.

1111111111 (1111111, 111.) 1111111111, 1111111111, 111111. 81, 8. 87, 1.
1111,·11,1. 1111111811. 111111111111 11118111, stelas. 17,

11. 1111111 111 sorengus, 11111111 communen 1111111111, Boo.
sm. 1, s. 111, 1.

 

