16666 6 666616· 6661666616. 6661666. n

6666666616, 66661666. 6666166, 6666666 6661116666 6666 6116166 666-
61661161666666, -66, s.

1666666666161, -eu, ι. 66666. propr. 01666. Sao). 610. 661. l ² · χ
1666666616, -66, t. 6666666666. 01666. Sao. 610. 1111 ’,
:ean (66) -66, ιι. aar, ogr-Qu& (666, 66.) ou 66666 mne, 6. K·
111611.16.01666.866.166. §mer 6666, 6166 16646611, 616 „J

611166 6616, 66611666 161661 6666666666666.1616616666., WZ γ’
66616660, 61].6661111666666 66166, 1611161111. W r ᾖξ’
66610666, -66, n. 66661116 66666666. 11161666616166 10 pam 66611 '²⁶'
61666, chron. 6661616.
6-6661116, adj. 6611116,1.66.
6661666661, -66, 6. 6111166166666, 36661701.
161166, -66, 66 6666. propr. 61666, Sao. 1016.
6661166, 6166611116, 1666.
comen (ymen), 6611. 1666661616, 661666661166 616 1616 6166 ofer 66166
>menne grand, 1611 6166 6666666 66666 6616666666 1666666. (166,
10.) cf. 116611. 16666611, 66166666116 66166666 (6666611 fulcrum,
6666666116 6616) 6 16616661, 66666611 61666,ο 166106666666616, draco
1666666 616666616166666 1666666616, 166666 6666666666.
Romanurn, -ge‚t. 6666. 6666616616 661 1166161, 6116. ,
6666666666, -66, 6. 66666 1666666666, 11616. 6006.
1166666616 (661111) -6, f. 6666.66666.11666116 6611661661, 6116.
comanam, -66, ι. 16666, 11606. 1111.
6666661111, -6, Γ. 6666. propr. 11666116 aa 11666. 1, p. 116.
6666666111, -6, Γ. 11611166 6666666666 666616 66116166,116ό6. 1161.
1666666111 (16666111) -66, n. 6666. propr. 1166161616.
6666666660, -66, 66. 6666. propr. 1166611. 111. 6111616.1, 116.
1166666616, -66, 66. 6666. propr· 1611. (106, 6.) 66116. 6166666-
6666666161,-6,1.6666661666661666, 6116166, 66611116. pu
6661661116 16111666 666666, 66666666666161616, 1111. (6 11161.
166166 Sat. 61 m). ν
6666166 (Ado, 611) 6666666666 , 116666. 6. Lv‘
6666161166,6616. 61611666, 116666. 6. “⁹¹7
ν’· 1666661, -es, 66. 6166116666, 66666, 1161161, 16. 16, 11. 66666611, adv.
61611666, Th. 16. μ’
66666611611, adj. 616616 66. 116 a
6666661116, adj. studiosus.
66666611166,616. 61611666, 6661616, 16. 0661666111.
6666660166, conj. 6666, 161166, 116116. 10, 16.

-eme (6666161666) 6111166166, 1166. 1,6.166611. 16,10. 6611.

ῖ11116,6166666666. 116661. 1666.
me, 66616. irate, 0666166. 118, 8.

'⁵ 66666 (1666,16666 6616)-66, 66161166, 16666,16611666116. godes
6666 1616, 1161661 . 6616666616 6166 61616666. 16,16. 666
6666616616666 66661 6661166 616 ytres, 1166116. 66, 1. 66111 mid irre,
6661666. 6616. QU- 66161666.

χἻπΙιιι (1666666, 1661666, 66666666616. iracunde, 066666. 66, 11. 116611.

6666166, 166166, 666666 (6666166, Sem.) (116, ·61) 166661, 1611666661,

 

